  8.3266000e+004
  8.4199000e+004
  8.4976000e+004
  9.0944000e+004
  9.1235000e+004
  9.2034000e+004
  1.0038900e+005
  1.0083700e+005
  1.0711200e+005
  1.0720400e+005
  1.0833700e+005
  1.0888000e+005
  1.0892400e+005
  1.0915000e+005
  1.1396100e+005
  1.1506700e+005
  1.1586200e+005
  1.1663700e+005
  1.2225000e+005
  1.2277100e+005
  1.2311500e+005
  1.2394100e+005
  1.2421100e+005
  1.2478300e+005
  1.3108800e+005
  1.3144100e+005
  1.3156000e+005
  1.3249600e+005
  1.3284800e+005
  1.3297200e+005
  1.3342900e+005
  1.3351400e+005
  1.3969200e+005
  1.4118900e+005
  1.4208700e+005
  1.4518300e+005
  1.4629800e+005
  1.4681600e+005
  1.4709400e+005
  1.4736700e+005
  1.4744700e+005
  1.4946900e+005
  1.4952300e+005
  1.4968000e+005
  1.4975700e+005
  1.4998100e+005
  1.5028600e+005
  1.5510700e+005
  1.5551300e+005
  1.5604400e+005
  1.5647200e+005
  1.5716300e+005
  1.5812800e+005
  1.6328000e+005
  1.6368400e+005
  1.6374600e+005
  1.6452400e+005
  1.6459000e+005
  1.6499600e+005
  1.6583600e+005
  1.6599600e+005
  1.7019800e+005
  1.7093300e+005
  1.7115900e+005
  1.7325400e+005
  1.7910500e+005
  1.7953300e+005
  1.7987700e+005
  1.8061700e+005
  1.8073200e+005
  1.8146400e+005
  1.8177900e+005
  1.8585400e+005
  1.8654800e+005
  1.8834200e+005
  1.8933900e+005
  1.8966300e+005
  1.9444000e+005
  1.9582100e+005
  1.9583000e+005
  1.9661900e+005
  1.9753300e+005
  1.9835300e+005
  2.0299200e+005
  2.0309600e+005
  2.0317700e+005
  2.0419800e+005
  2.0425400e+005
  2.0468700e+005
  2.0518000e+005
  2.1014700e+005
  2.1047900e+005
  2.1066100e+005
  2.1072500e+005
  2.1182000e+005
  2.1194900e+005
  2.1833100e+005
  2.1895000e+005
  2.1938700e+005
  2.2121400e+005
  2.2578000e+005
  2.2771400e+005
  2.2776100e+005
  2.2945000e+005
  2.3000800e+005
  2.3470500e+005
  2.3532900e+005
  2.3589600e+005
  2.3614700e+005
  2.3723800e+005
  2.3801900e+005
  2.3831100e+005
  2.3841600e+005
  2.4380400e+005
  2.4459400e+005
  2.4496800e+005
  2.4529800e+005
  2.4568900e+005
  2.4587100e+005
  2.4606600e+005
  2.5245300e+005
  2.5347100e+005
  2.5874500e+005
  2.5964400e+005
  2.6017200e+005
  2.6039800e+005
  2.6140400e+005
  2.6176500e+005
  2.6181600e+005
  2.6675100e+005
  2.6687300e+005
  2.6713600e+005
  2.6872500e+005
  2.6904200e+005
  2.7466000e+005
  2.7643400e+005
  2.7684900e+005
  2.7746600e+005
  2.7753500e+005
  2.8293100e+005
  2.8423500e+005
  2.8492400e+005
  2.9107000e+005
  2.9133500e+005
  2.9182900e+005
  2.9239000e+005
  2.9314600e+005
  2.9351400e+005
  2.9908200e+005
  3.0104700e+005
  3.0650800e+005
  3.0824000e+005
  3.0847700e+005
  3.1498100e+005
  3.1625000e+005
  3.3200200e+005
