  9.2157000e+004
  1.0000000e+005
  1.0047800e+005
  1.0143900e+005
  1.0734800e+005
  1.0831700e+005
  1.0847000e+005
  1.0879400e+005
  1.1502700e+005
  1.1519000e+005
  1.1536000e+005
  1.1550900e+005
  1.1584000e+005
  1.1663000e+005
  1.1663200e+005
  1.1695400e+005
  1.1711100e+005
  1.2287000e+005
  1.2287600e+005
  1.2334000e+005
  1.2335100e+005
  1.2382600e+005
  1.2383700e+005
  1.2398500e+005
  1.2430400e+005
  1.2431700e+005
  1.2463200e+005
  1.2463500e+005
  1.2494700e+005
  1.2495200e+005
  1.2495400e+005
  1.2526800e+005
  1.2542700e+005
  1.3055800e+005
  1.3087500e+005
  1.3103600e+005
  1.3119800e+005
  1.3135100e+005
  1.3135700e+005
  1.3183100e+005
  1.3183300e+005
  1.3183400e+005
  1.3183500e+005
  1.3230700e+005
  1.3230800e+005
  1.3230900e+005
  1.3245700e+005
  1.3247400e+005
  1.3262900e+005
  1.3263000e+005
  1.3295700e+005
  1.3325900e+005
  1.3326800e+005
  1.3342500e+005
  1.3343200e+005
  1.3343900e+005
  1.3359100e+005
  1.3374300e+005
  1.3871000e+005
  1.3885800e+005
  1.3903300e+005
  1.3919300e+005
  1.3935500e+005
  1.3966100e+005
  1.3967500e+005
  1.3967600e+005
  1.3982900e+005
  1.3983800e+005
  1.3999200e+005
  1.3999900e+005
  1.4014200e+005
  1.4015000e+005
  1.4030500e+005
  1.4031400e+005
  1.4063100e+005
  1.4078300e+005
  1.4079500e+005
  1.4111300e+005
  1.4143000e+005
  1.4144000e+005
  1.4158400e+005
  1.4158600e+005
  1.4159800e+005
  1.4623300e+005
  1.4671800e+005
  1.4687300e+005
  1.4687400e+005
  1.4702500e+005
  1.4703200e+005
  1.4717800e+005
  1.4719100e+005
  1.4767700e+005
  1.4798900e+005
  1.4816000e+005
  1.4831500e+005
  1.4863200e+005
  1.4911800e+005
  1.5438400e+005
  1.5455600e+005
  1.5471300e+005
  1.5486800e+005
  1.5519300e+005
  1.5519600e+005
  1.5519700e+005
  1.5551100e+005
  1.5552000e+005
  1.5581600e+005
  1.5583500e+005
  1.5614400e+005
  1.5631500e+005
  1.5662400e+005
  1.5679800e+005
  1.5693900e+005
  1.5695700e+005
  1.5696000e+005
  1.5790900e+005
  1.6285900e+005
  1.6302400e+005
  1.6302500e+005
  1.6303600e+005
  1.6318300e+005
  1.6319500e+005
  1.6335200e+005
  1.6365900e+005
  1.6366600e+005
  1.6367900e+005
  1.6383500e+005
  1.6431300e+005
  1.6447100e+005
  1.6495300e+005
  1.6511300e+005
  1.6511400e+005
  1.6527600e+005
  1.6542900e+005
  1.7055200e+005
  1.7055700e+005
  1.7070500e+005
  1.7087500e+005
  1.7103600e+005
  1.7134800e+005
  1.7135100e+005
  1.7166800e+005
  1.7183000e+005
  1.7183900e+005
  1.7199600e+005
  1.7214900e+005
  1.7215100e+005
  1.7247800e+005
  1.7261900e+005
  1.7278900e+005
  1.7294900e+005
  1.7326400e+005
  1.7327600e+005
  1.7342900e+005
  1.7359600e+005
  1.7839100e+005
  1.7951700e+005
  1.7983400e+005
  1.7983700e+005
  1.8014900e+005
  1.8015600e+005
  1.8030300e+005
  1.8031700e+005
  1.8046500e+005
  1.8047900e+005
  1.8048000e+005
  1.8095000e+005
  1.8110400e+005
  1.8127400e+005
  1.8142700e+005
  1.8159700e+005
  1.8206100e+005
  1.8640000e+005
  1.8656000e+005
  1.8671200e+005
  1.8719100e+005
  1.8719700e+005
  1.8735300e+005
  1.8735600e+005
  1.8735900e+005
  1.8751200e+005
  1.8782100e+005
  1.8799500e+005
  1.8799700e+005
  1.8830600e+005
  1.8846500e+005
  1.8847500e+005
  1.8894700e+005
  1.8895800e+005
  1.8909100e+005
  1.8909800e+005
  1.8910100e+005
  1.8910900e+005
  1.8926000e+005
  1.8941100e+005
  1.8943600e+005
  1.8959600e+005
  1.8990600e+005
  1.9406800e+005
  1.9423400e+005
  1.9453700e+005
  1.9454800e+005
  1.9486300e+005
  1.9487400e+005
  1.9502600e+005
  1.9519100e+005
  1.9550800e+005
  1.9551700e+005
  1.9598100e+005
  1.9600000e+005
  1.9629900e+005
  1.9631700e+005
  1.9645100e+005
  1.9663600e+005
  1.9679800e+005
  1.9695200e+005
  1.9695300e+005
  1.9711800e+005
  1.9742800e+005
  2.0256000e+005
  2.0270000e+005
  2.0270800e+005
  2.0286200e+005
  2.0303900e+005
  2.0319300e+005
  2.0382600e+005
  2.0383400e+005
  2.0398600e+005
  2.0414200e+005
  2.0431000e+005
  2.0446500e+005
  2.0446700e+005
  2.0448000e+005
  2.0461600e+005
  2.0463200e+005
  2.0463500e+005
  2.0479400e+005
  2.0495300e+005
  2.0495700e+005
  2.0510300e+005
  2.0512000e+005
  2.0527100e+005
  2.0527600e+005
  2.0527800e+005
  2.0541800e+005
  2.1006000e+005
  2.1008000e+005
  2.1054100e+005
  2.1055500e+005
  2.1069900e+005
  2.1070300e+005
  2.1070700e+005
  2.1103900e+005
  2.1119500e+005
  2.1134500e+005
  2.1151100e+005
  2.1152000e+005
  2.1198300e+005
  2.1199400e+005
  2.1214100e+005
  2.1214800e+005
  2.1215200e+005
  2.1261900e+005
  2.1294600e+005
  2.1295200e+005
  2.1295500e+005
  2.1311500e+005
  2.1326700e+005
  2.1359200e+005
  2.1807100e+005
  2.1839400e+005
  2.1839500e+005
  2.1854800e+005
  2.1887300e+005
  2.1887900e+005
  2.1919800e+005
  2.1933700e+005
  2.1935400e+005
  2.1935900e+005
  2.1950400e+005
  2.1967400e+005
  2.2015500e+005
  2.2015600e+005
  2.2015700e+005
  2.2016000e+005
  2.2031600e+005
  2.2046400e+005
  2.2094300e+005
  2.2110900e+005
  2.2111600e+005
  2.2142400e+005
  2.2142800e+005
  2.2158600e+005
  2.2189800e+005
  2.2191500e+005
  2.2639400e+005
  2.2654600e+005
  2.2655500e+005
  2.2655600e+005
  2.2671100e+005
  2.2671300e+005
  2.2718400e+005
  2.2734600e+005
  2.2798600e+005
  2.2831400e+005
  2.2879900e+005
  2.2895600e+005
  2.2895900e+005
  2.2975000e+005
  2.2975900e+005
  2.2990900e+005
  2.3423400e+005
  2.3423900e+005
  2.3487100e+005
  2.3487200e+005
  2.3487300e+005
  2.3487500e+005
  2.3502800e+005
  2.3503600e+005
  2.3534900e+005
  2.3535200e+005
  2.3551000e+005
  2.3582100e+005
  2.3599100e+005
  2.3630800e+005
  2.3679500e+005
  2.3710200e+005
  2.3711500e+005
  2.3726700e+005
  2.3726900e+005
  2.3727900e+005
  2.3742700e+005
  2.4269800e+005
  2.4271400e+005
  2.4301800e+005
  2.4319200e+005
  2.4319600e+005
  2.4335300e+005
  2.4366800e+005
  2.4367000e+005
  2.4367100e+005
  2.4368000e+005
  2.4382000e+005
  2.4382700e+005
  2.4415800e+005
  2.4430400e+005
  2.4431500e+005
  2.4462100e+005
  2.4462500e+005
  2.4462900e+005
  2.4478900e+005
  2.4479500e+005
  2.4479900e+005
  2.4510600e+005
  2.4527900e+005
  2.4558300e+005
  2.4574000e+005
  2.5086800e+005
  2.5134900e+005
  2.5135700e+005
  2.5167800e+005
  2.5167900e+005
  2.5182400e+005
  2.5215700e+005
  2.5231100e+005
  2.5262000e+005
  2.5263200e+005
  2.5278800e+005
  2.5821800e+005
  2.5855400e+005
  2.5872000e+005
  2.5887400e+005
  2.5887600e+005
  2.5918000e+005
  2.5950400e+005
  2.5967200e+005
  2.5981900e+005
  2.5982200e+005
  2.5983600e+005
  2.5999100e+005
  2.6014800e+005
  2.6014900e+005
  2.6031500e+005
  2.6078000e+005
  2.6638500e+005
  2.6670800e+005
  2.6671200e+005
  2.6702700e+005
  2.6702900e+005
  2.6749800e+005
  2.6751800e+005
  2.6781600e+005
  2.6782900e+005
  2.6799500e+005
  2.6814700e+005
  2.6831400e+005
  2.6845700e+005
  2.6846500e+005
  2.6863800e+005
  2.6894300e+005
  2.7454900e+005
  2.7471000e+005
  2.7503000e+005
  2.7582700e+005
  2.7598000e+005
  2.7632000e+005
  2.7646700e+005
  2.7679500e+005
  2.7695400e+005
  2.8366300e+005
  2.8367500e+005
  2.8368000e+005
  2.8382700e+005
  2.8398900e+005
  2.8447200e+005
  2.8463400e+005
  2.8478400e+005
  2.8496000e+005
  2.8510500e+005
  2.9136000e+005
  2.9230100e+005
  2.9230300e+005
  2.9231400e+005
  2.9231500e+005
  2.9231900e+005
  2.9246600e+005
  2.9902700e+005
  2.9950700e+005
  3.0782600e+005
