    0.1135640137E-08    0.1135640137E-08    0.1096214564E-08   -0.3059602678E+00    0.1618972301E+01   -0.5545791388E+00
    0.1135640137E-08    0.1135640137E-08    0.3288643580E-08    0.3700582683E+00    0.7351504564E+00    0.2027904615E-01
    0.1135640137E-08    0.1135640137E-08    0.5481072929E-08   -0.2303892374E+01   -0.2558312416E+00   -0.8926181793E+00
    0.1135640137E-08    0.1135640137E-08    0.7673501834E-08   -0.4763871431E+00    0.1291700006E+01   -0.3062590361E+00
    0.1135640137E-08    0.1135640137E-08    0.9865931183E-08   -0.9604105353E+00   -0.1541093290E+00   -0.4609008431E+00
    0.1135640137E-08    0.3406920523E-08    0.1096214564E-08    0.1984153867E+01    0.5716324225E-01    0.3978051543E+00
    0.1135640137E-08    0.3406920523E-08    0.3288643580E-08    0.8145807385E+00   -0.3701050878E+00    0.8735849261E+00
    0.1135640137E-08    0.3406920523E-08    0.5481072929E-08   -0.1732558012E+01    0.1493938118E+00    0.4130847156E+00
    0.1135640137E-08    0.3406920523E-08    0.7673501834E-08   -0.9466666579E+00   -0.5062910914E+00    0.9322757721E+00
    0.1135640137E-08    0.3406920523E-08    0.9865931183E-08   -0.1159411550E+01    0.1445417404E+01    0.3200163245E+00
    0.1135640137E-08    0.5678201020E-08    0.1096214564E-08    0.1483974457E+00    0.2720199108E+01    0.2718708217E+00
    0.1135640137E-08    0.5678201020E-08    0.3288643580E-08    0.1029414058E+01    0.6031038761E+00    0.5199896693E+00
    0.1135640137E-08    0.5678201020E-08    0.5481072929E-08    0.3990275562E+00    0.2011578560E+01   -0.6268390417E+00
    0.1135640137E-08    0.5678201020E-08    0.7673501834E-08   -0.9904159307E+00    0.4118187726E+00   -0.1971156597E+01
    0.1135640137E-08    0.5678201020E-08    0.9865931183E-08   -0.1658439159E+01    0.2573999763E+00   -0.2173530817E+01
    0.1135640137E-08    0.7949481073E-08    0.1096214564E-08   -0.1842203498E+01   -0.1180262446E+01   -0.1193557143E+01
    0.1135640137E-08    0.7949481073E-08    0.3288643580E-08   -0.1963409901E+01   -0.4612229466E+00   -0.9314903021E+00
    0.1135640137E-08    0.7949481073E-08    0.5481072929E-08    0.1341321945E+01    0.2096243382E+01   -0.8747422099E+00
    0.1135640137E-08    0.7949481073E-08    0.7673501834E-08    0.2323493361E+00   -0.4767061025E-01    0.1440677166E+01
    0.1135640137E-08    0.7949481073E-08    0.9865931183E-08   -0.1117821693E+01    0.4172195435E+01    0.2455459237E+00
    0.1135640137E-08    0.1022076113E-07    0.1096214564E-08   -0.1474844575E+01    0.7443534732E+00    0.2178470850E+01
    0.1135640137E-08    0.1022076113E-07    0.3288643580E-08   -0.4970198125E-01    0.1593658686E+01   -0.6657862663E+00
    0.1135640137E-08    0.1022076113E-07    0.5481072929E-08   -0.3819423541E-01    0.1906816959E+01    0.5786670446E+00
    0.1135640137E-08    0.1022076113E-07    0.7673501834E-08    0.6110315323E+00   -0.3384557664E+00    0.1206857562E+01
    0.1135640137E-08    0.1022076113E-07    0.9865931183E-08   -0.5616245270E+00   -0.5745648872E-02    0.1167756081E+01
    0.1135640137E-08    0.1249204207E-07    0.1096214564E-08    0.1109696865E+01   -0.1859753489E+01   -0.7804598659E-01
    0.1135640137E-08    0.1249204207E-07    0.3288643580E-08    0.1992342919E+00    0.7260548472E+00   -0.3567421198E+01
    0.1135640137E-08    0.1249204207E-07    0.5481072929E-08   -0.1068231702E+01   -0.1117471218E+01   -0.9472880960E+00
    0.1135640137E-08    0.1249204207E-07    0.7673501834E-08    0.5771870017E+00    0.8706435561E+00    0.3812496185E+01
    0.1135640137E-08    0.1249204207E-07    0.9865931183E-08    0.4043766022E+01    0.6074211121E+01    0.1093820381E+02
    0.1135640137E-08    0.1476332212E-07    0.1096214564E-08    0.3452142000E+01    0.4922863007E+01    0.1374233055E+02
    0.1135640137E-08    0.1476332212E-07    0.3288643580E-08    0.3510338306E+01    0.3889193773E+01    0.7488264561E+01
    0.1135640137E-08    0.1476332212E-07    0.5481072929E-08   -0.1036065698E+01   -0.1369619370E+01    0.5534660816E+01
    0.1135640137E-08    0.1476332212E-07    0.7673501834E-08    0.8998457193E+00   -0.8326801062E+00   -0.1448485017E+01
    0.1135640137E-08    0.1476332212E-07    0.9865931183E-08   -0.5091248751E+00    0.1311178446E+01    0.2714627087E+00
    0.1135640137E-08    0.1703460129E-07    0.1096214564E-08   -0.4684101641E+00    0.1053203583E+01    0.1001567483E+01
    0.1135640137E-08    0.1703460129E-07    0.3288643580E-08    0.6947997808E+00   -0.1975864410E+01    0.4490966499E+00
    0.1135640137E-08    0.1703460129E-07    0.5481072929E-08   -0.5387043953E+00   -0.1223689795E+01    0.1598049521E+01
    0.1135640137E-08    0.1703460129E-07    0.7673501834E-08   -0.2569834515E-01   -0.1726120949E+01   -0.5265378579E-01
    0.1135640137E-08    0.1703460129E-07    0.9865931183E-08    0.1342089772E+01   -0.5929287076E+00    0.5722112179E+01
    0.1135640137E-08    0.1930588134E-07    0.1096214564E-08    0.6517918587E+01    0.1834809780E+01    0.2072555351E+02
    0.1135640137E-08    0.1930588134E-07    0.3288643580E-08    0.1288368464E+01   -0.5235643864E+01    0.1796778107E+02
    0.1135640137E-08    0.1930588134E-07    0.5481072929E-08    0.6043110371E+01   -0.8103394508E+01    0.1106807518E+02
    0.1135640137E-08    0.1930588134E-07    0.7673501834E-08    0.4719913006E+01   -0.6666705608E+01    0.1461798954E+02
    0.1135640137E-08    0.1930588134E-07    0.9865931183E-08   -0.1716227531E+01    0.1054338932E+01    0.1322378922E+02
    0.1135640137E-08    0.2157716139E-07    0.1096214564E-08    0.5908076167E+00    0.5201566815E+00    0.6927062273E+00
    0.1135640137E-08    0.2157716139E-07    0.3288643580E-08   -0.7235313654E+00   -0.9992930889E+00    0.7550063729E+00
    0.1135640137E-08    0.2157716139E-07    0.5481072929E-08    0.9212162495E+00    0.1032629386E+00    0.4409004748E+00
    0.1135640137E-08    0.2157716139E-07    0.7673501834E-08   -0.2017408460E+00   -0.1532472253E+01   -0.4401684180E-01
    0.1135640137E-08    0.2157716139E-07    0.9865931183E-08    0.6905365586E+00   -0.1121039316E+00   -0.1866865456E+00
    0.1135640137E-08    0.2384844144E-07    0.1096214564E-08    0.1697976947E+01   -0.3552424312E+00    0.1526481152E+01
    0.1135640137E-08    0.2384844144E-07    0.3288643580E-08    0.1628851414E+01    0.1241815090E+01    0.1940963745E+02
    0.1135640137E-08    0.2384844144E-07    0.5481072929E-08   -0.1063398743E+02   -0.9415497780E+01    0.1333898735E+02
    0.1135640137E-08    0.2384844144E-07    0.7673501834E-08   -0.1512899971E+02   -0.4277703094E+02   -0.3424659348E+02
    0.1135640137E-08    0.2384844144E-07    0.9865931183E-08    0.1573727608E+02   -0.4882876968E+02   -0.4765678406E+02
    0.1135640137E-08    0.2611972327E-07    0.1096214564E-08    0.1559865475E+02   -0.1625792885E+02   -0.1038138580E+02
    0.1135640137E-08    0.2611972327E-07    0.3288643580E-08   -0.1722209692E+01    0.4526270628E+00    0.1633729172E+02
    0.1135640137E-08    0.2611972327E-07    0.5481072929E-08   -0.2688220978E+01   -0.8462888598E+00    0.3974923611E+01
    0.1135640137E-08    0.2611972327E-07    0.7673501834E-08   -0.2810152292E+01   -0.1437827229E+01    0.2264164209E+01
    0.1135640137E-08    0.2611972327E-07    0.9865931183E-08   -0.8499261737E+00    0.1593855768E+00   -0.3644500375E+00
    0.3406920523E-08    0.1135640137E-08    0.1096214564E-08    0.5487958193E+00   -0.4206947684E+00   -0.1142867133E+00
    0.3406920523E-08    0.1135640137E-08    0.3288643580E-08    0.1597868800E+01    0.1378655434E-02   -0.1241743326E+01
    0.3406920523E-08    0.1135640137E-08    0.5481072929E-08    0.3599868059E+01   -0.2216852456E+00    0.3513415098E+01
    0.3406920523E-08    0.1135640137E-08    0.7673501834E-08   -0.1462170780E+00    0.9758018851E+00    0.2455007362E+02
    0.3406920523E-08    0.1135640137E-08    0.9865931183E-08   -0.3408179855E+02   -0.5678963661E+01   -0.2826212502E+02
    0.3406920523E-08    0.3406920523E-08    0.1096214564E-08   -0.2127632523E+02   -0.4315936661E+02   -0.1221308212E+03
    0.3406920523E-08    0.3406920523E-08    0.3288643580E-08    0.3136347389E+02   -0.3564694595E+02   -0.1153565292E+03
    0.3406920523E-08    0.3406920523E-08    0.5481072929E-08    0.3361812592E+02   -0.7758350372E+01   -0.4718473434E+02
    0.3406920523E-08    0.3406920523E-08    0.7673501834E-08   -0.1465649962E+01   -0.3242824078E+01    0.1595124435E+02
    0.3406920523E-08    0.3406920523E-08    0.9865931183E-08   -0.1465037704E+01    0.2314476669E+00    0.7423429489E+01
    0.3406920523E-08    0.5678201020E-08    0.1096214564E-08   -0.2606814384E+01    0.1036175132E+01    0.3586906910E+01
    0.3406920523E-08    0.5678201020E-08    0.3288643580E-08   -0.1362272382E+01   -0.6839329600E+00    0.1442075133E+01
    0.3406920523E-08    0.5678201020E-08    0.5481072929E-08   -0.2381279618E+00   -0.3896882534E+00    0.7127099037E+00
    0.3406920523E-08    0.5678201020E-08    0.7673501834E-08    0.2488515526E+00    0.2168401957E+01    0.6256675720E+00
    0.3406920523E-08    0.5678201020E-08    0.9865931183E-08   -0.8799281716E+00   -0.6622926593E+00    0.9488578796E+01
    0.3406920523E-08    0.7949481073E-08    0.1096214564E-08   -0.7044865608E+01   -0.2437076330E+01    0.2085640335E+02
    0.3406920523E-08    0.7949481073E-08    0.3288643580E-08   -0.3643195343E+02    0.1741732597E+02   -0.3531320190E+02
    0.3406920523E-08    0.7949481073E-08    0.5481072929E-08   -0.2759255219E+02    0.3459547806E+02   -0.1048703995E+03
    0.3406920523E-08    0.7949481073E-08    0.7673501834E-08    0.3655029297E+02    0.4701536942E+02   -0.1088503265E+03
    0.3406920523E-08    0.7949481073E-08    0.9865931183E-08    0.3215433121E+02    0.1016926765E+02   -0.2572517776E+02
    0.3406920523E-08    0.1022076113E-07    0.1096214564E-08    0.2621010542E+01   -0.3425561190E+01    0.2333045197E+02
    0.3406920523E-08    0.1022076113E-07    0.3288643580E-08    0.6157580018E+00   -0.2578720331E+01    0.5345744133E+01
    0.3406920523E-08    0.1022076113E-07    0.5481072929E-08    0.1022017822E+00    0.2242041349E+01    0.3573135614E+01
    0.3406920523E-08    0.1022076113E-07    0.7673501834E-08    0.1982585043E+00   -0.7307624817E+00    0.1071656346E+01
    0.3406920523E-08    0.1022076113E-07    0.9865931183E-08   -0.1778759837E+01   -0.4383886158E+00   -0.9725880623E+00
    0.3406920523E-08    0.1249204207E-07    0.1096214564E-08   -0.6027261168E-01    0.2155821085E+01    0.2083835602E+01
    0.3406920523E-08    0.1249204207E-07    0.3288643580E-08   -0.5434358120E+00    0.1876364350E+01    0.1609025478E+01
    0.3406920523E-08    0.1249204207E-07    0.5481072929E-08   -0.2893795252E+01    0.3457515478E+01    0.1661836052E+02
    0.3406920523E-08    0.1249204207E-07    0.7673501834E-08   -0.1151849174E+02    0.1332892323E+02    0.4967440128E+01
    0.3406920523E-08    0.1249204207E-07    0.9865931183E-08   -0.6588895798E+01    0.3774223328E+02   -0.2850993919E+02
    0.3406920523E-08    0.1476332212E-07    0.1096214564E-08    0.1846493340E+02    0.2766168213E+02   -0.1950970078E+02
    0.3406920523E-08    0.1476332212E-07    0.3288643580E-08    0.1144089413E+02    0.6130865574E+01    0.7186885357E+01
    0.3406920523E-08    0.1476332212E-07    0.5481072929E-08   -0.4100410461E+01    0.2816682816E+01    0.1940089798E+02
    0.3406920523E-08    0.1476332212E-07    0.7673501834E-08   -0.7573837042E+00   -0.1768137932E+01    0.1224937201E+01
    0.3406920523E-08    0.1476332212E-07    0.9865931183E-08   -0.7481661439E+00   -0.3053107858E-01    0.4923838615E+01
    0.3406920523E-08    0.1703460129E-07    0.1096214564E-08   -0.1492022872E+01   -0.1765838861E+01    0.2967774391E+01
    0.3406920523E-08    0.1703460129E-07    0.3288643580E-08   -0.3408608735E+00   -0.1644433141E+01    0.8219463229E+00
    0.3406920523E-08    0.1703460129E-07    0.5481072929E-08    0.1468913078E+01   -0.3049536608E-01    0.2318302870E+01
    0.3406920523E-08    0.1703460129E-07    0.7673501834E-08    0.1866492510E+01   -0.2340316772E+01    0.1580010414E+01
    0.3406920523E-08    0.1703460129E-07    0.9865931183E-08    0.4515006840E+00   -0.1412831783E+01    0.4286042690E+01
    0.3406920523E-08    0.1930588134E-07    0.1096214564E-08    0.1050250053E+01   -0.3964193344E+01    0.1689296532E+02
    0.3406920523E-08    0.1930588134E-07    0.3288643580E-08   -0.1459384799E+01    0.6789939404E+00    0.1804316711E+02
    0.3406920523E-08    0.1930588134E-07    0.5481072929E-08   -0.1120139956E+01    0.1330255270E+01    0.1669672012E+02
    0.3406920523E-08    0.1930588134E-07    0.7673501834E-08    0.7980489731E+00   -0.8752203584E+00    0.1507956219E+02
    0.3406920523E-08    0.1930588134E-07    0.9865931183E-08    0.3075459898E+00    0.2015411377E+01    0.2290533543E+01
    0.3406920523E-08    0.2157716139E-07    0.1096214564E-08    0.2912394106E+00   -0.1160093069E+01    0.5007951260E+00
    0.3406920523E-08    0.2157716139E-07    0.3288643580E-08    0.1205253601E+00   -0.1621540427E+01    0.2581095695E+01
    0.3406920523E-08    0.2157716139E-07    0.5481072929E-08    0.5762269497E+00    0.5519701168E-01    0.2092120945E+00
    0.3406920523E-08    0.2157716139E-07    0.7673501834E-08    0.7556708902E-01   -0.1639936447E+01    0.6281930804E+00
    0.3406920523E-08    0.2157716139E-07    0.9865931183E-08    0.1125525832E+01   -0.2534796000E+00    0.2369289845E+00
    0.3406920523E-08    0.2384844144E-07    0.1096214564E-08    0.2312571287E+01   -0.3417608738E+01    0.6121977568E+00
    0.3406920523E-08    0.2384844144E-07    0.3288643580E-08    0.2170540571E+01   -0.2843776226E+01   -0.1147641167E+00
    0.3406920523E-08    0.2384844144E-07    0.5481072929E-08   -0.2408078194E+01   -0.1292076468E+01    0.3299352884E+01
    0.3406920523E-08    0.2384844144E-07    0.7673501834E-08   -0.6342518330E+00   -0.2101186752E+01    0.1393538713E+01
    0.3406920523E-08    0.2384844144E-07    0.9865931183E-08   -0.1689279079E+00   -0.6789354086E+00   -0.3242763877E-01
    0.3406920523E-08    0.2611972327E-07    0.1096214564E-08    0.2599935830E+00    0.1278031021E+00   -0.5242070556E+00
    0.3406920523E-08    0.2611972327E-07    0.3288643580E-08    0.1123201370E+01    0.4338529706E-01   -0.2315220833E+01
    0.3406920523E-08    0.2611972327E-07    0.5481072929E-08    0.3043669462E+00   -0.1210619688E+01   -0.1982782722E+01
    0.3406920523E-08    0.2611972327E-07    0.7673501834E-08   -0.7142726183E+00   -0.4629981041E+01   -0.9776554108E+00
    0.3406920523E-08    0.2611972327E-07    0.9865931183E-08   -0.1577488065E+01   -0.1839157224E+01   -0.6721650362E+00
    0.5678201020E-08    0.1135640137E-08    0.1096214564E-08   -0.1486090899E+01   -0.2795820534E+00   -0.3214943111E+00
    0.5678201020E-08    0.1135640137E-08    0.3288643580E-08   -0.2719002962E+00   -0.1594373941E+01   -0.2007326484E+00
    0.5678201020E-08    0.1135640137E-08    0.5481072929E-08    0.7456319332E+00   -0.3488789797E+01    0.1874649405E+01
    0.5678201020E-08    0.1135640137E-08    0.7673501834E-08    0.4373764396E+00   -0.2356865883E+01    0.2754271269E+01
    0.5678201020E-08    0.1135640137E-08    0.9865931183E-08    0.2325408906E+00   -0.4957243428E-01    0.4261406898E+01
    0.5678201020E-08    0.3406920523E-08    0.1096214564E-08   -0.1714427114E+01   -0.7242282480E-01    0.2430273533E+01
    0.5678201020E-08    0.3406920523E-08    0.3288643580E-08   -0.6612706780E+00   -0.1293072462E+01    0.1325866222E+01
    0.5678201020E-08    0.3406920523E-08    0.5481072929E-08   -0.1604938626E+01   -0.1254895091E+01    0.5516312718E+00
    0.5678201020E-08    0.3406920523E-08    0.7673501834E-08   -0.2402554154E+00   -0.1483348012E+01    0.7038548589E+00
    0.5678201020E-08    0.3406920523E-08    0.9865931183E-08   -0.1976519674E+00   -0.3177442551E+01   -0.8618494868E+00
    0.5678201020E-08    0.5678201020E-08    0.1096214564E-08    0.4328517318E+00   -0.3689528942E+01   -0.1108512759E+01
    0.5678201020E-08    0.5678201020E-08    0.3288643580E-08   -0.3546158075E+00   -0.2743798256E+01   -0.5964246392E+00
    0.5678201020E-08    0.5678201020E-08    0.5481072929E-08    0.3023765087E+00    0.6454177499E+00   -0.5654081702E+00
    0.5678201020E-08    0.5678201020E-08    0.7673501834E-08    0.9736627340E+00    0.9896914475E-02    0.8462203741E+00
    0.5678201020E-08    0.5678201020E-08    0.9865931183E-08    0.1226205707E+01   -0.1193408847E+01    0.5764191747E+00
    0.5678201020E-08    0.7949481073E-08    0.1096214564E-08    0.1577588320E+01   -0.1706042051E+01    0.1498947740E+01
    0.5678201020E-08    0.7949481073E-08    0.3288643580E-08    0.3154270351E+00   -0.7624132037E+00    0.1150560498E+01
    0.5678201020E-08    0.7949481073E-08    0.5481072929E-08    0.4150090516E+00   -0.1703635812E+01    0.4940454662E+00
    0.5678201020E-08    0.7949481073E-08    0.7673501834E-08   -0.1323358417E+01   -0.2320012152E+00    0.1965834975E+01
    0.5678201020E-08    0.7949481073E-08    0.9865931183E-08   -0.1806705236E+01   -0.5591514707E+00    0.2725090981E+00
    0.5678201020E-08    0.1022076113E-07    0.1096214564E-08   -0.1278185725E+01    0.3380543590E+00    0.1659965873E+01
    0.5678201020E-08    0.1022076113E-07    0.3288643580E-08    0.8313692808E+00   -0.1792690992E+01   -0.1224808574E+01
    0.5678201020E-08    0.1022076113E-07    0.5481072929E-08   -0.1177238822E+01   -0.2069620788E+00   -0.4019385576E+00
    0.5678201020E-08    0.1022076113E-07    0.7673501834E-08   -0.6994338706E-02    0.2119988799E+00    0.1365631819E+01
    0.5678201020E-08    0.1022076113E-07    0.9865931183E-08    0.3039330840E+00   -0.5267379284E+00   -0.3159732372E-01
    0.5678201020E-08    0.1249204207E-07    0.1096214564E-08   -0.1776659787E+00   -0.7281566858E+00    0.7638581842E-01
    0.5678201020E-08    0.1249204207E-07    0.3288643580E-08    0.5050441027E+00   -0.7712720037E+00   -0.1965116501E+01
    0.5678201020E-08    0.1249204207E-07    0.5481072929E-08    0.9052432775E+00    0.1320380569E+01    0.1293361485E+00
    0.5678201020E-08    0.1249204207E-07    0.7673501834E-08    0.3379307687E+00    0.4642771780E+00    0.3612085283E+00
    0.5678201020E-08    0.1249204207E-07    0.9865931183E-08    0.2612612844E+00   -0.4948377013E+00    0.6001104712E+00
    0.5678201020E-08    0.1476332212E-07    0.1096214564E-08    0.1497596264E+01   -0.9609866142E+00    0.8793793321E+00
    0.5678201020E-08    0.1476332212E-07    0.3288643580E-08   -0.1904816985E+01   -0.2744844556E+00   -0.2312277108E+00
    0.5678201020E-08    0.1476332212E-07    0.5481072929E-08   -0.1369186521E+01   -0.1294282436E+01   -0.8806051016E+00
    0.5678201020E-08    0.1476332212E-07    0.7673501834E-08    0.2234569788E+00   -0.1185137272E+01   -0.3799726442E-01
    0.5678201020E-08    0.1476332212E-07    0.9865931183E-08    0.1103971153E+00    0.4564169347E+00    0.1130005836E+01
    0.5678201020E-08    0.1703460129E-07    0.1096214564E-08    0.2211998105E+00   -0.1520724893E+01    0.1696794748E+01
    0.5678201020E-08    0.1703460129E-07    0.3288643580E-08   -0.9185575247E+00   -0.5338348150E+00    0.5302186012E+00
    0.5678201020E-08    0.1703460129E-07    0.5481072929E-08   -0.1044650316E+01    0.6197500229E+00   -0.6683985591E+00
    0.5678201020E-08    0.1703460129E-07    0.7673501834E-08   -0.1043630004E+01   -0.1495492309E+00   -0.2406940699E+01
    0.5678201020E-08    0.1703460129E-07    0.9865931183E-08    0.1185414314E+01   -0.1401287794E+01    0.6719382405E+00
    0.5678201020E-08    0.1930588134E-07    0.1096214564E-08    0.1973726630E+01   -0.1938452721E+01    0.1436809301E+00
    0.5678201020E-08    0.1930588134E-07    0.3288643580E-08   -0.1435968161E+01    0.1594181359E+00    0.1669821024E+01
    0.5678201020E-08    0.1930588134E-07    0.5481072929E-08    0.3665954247E-01    0.3687501550E+00    0.9079660177E+00
    0.5678201020E-08    0.1930588134E-07    0.7673501834E-08    0.1099820137E+01   -0.4793114364E+00    0.1285063863E+01
    0.5678201020E-08    0.1930588134E-07    0.9865931183E-08   -0.3645794392E+00   -0.7183253765E+00    0.7459082007E+00
    0.5678201020E-08    0.2157716139E-07    0.1096214564E-08   -0.2321571350E+01    0.1693280935E+01   -0.8212059736E+00
    0.5678201020E-08    0.2157716139E-07    0.3288643580E-08   -0.1453196049E+01    0.8772423267E+00   -0.1132149622E+00
    0.5678201020E-08    0.2157716139E-07    0.5481072929E-08   -0.1899372935E+00   -0.5531182885E+00    0.4374876618E+00
    0.5678201020E-08    0.2157716139E-07    0.7673501834E-08    0.2419313043E+00   -0.5222172141E+00    0.3071480989E+00
    0.5678201020E-08    0.2157716139E-07    0.9865931183E-08   -0.1974447519E+00    0.1606163621E+01   -0.1294053793E+01
    0.5678201020E-08    0.2384844144E-07    0.1096214564E-08    0.6966108680E+00    0.1252320766E+01   -0.1001458526E+01
    0.5678201020E-08    0.2384844144E-07    0.3288643580E-08    0.2196915150E+01    0.7114917040E+00    0.3059784889E+01
    0.5678201020E-08    0.2384844144E-07    0.5481072929E-08    0.3576750040E+01    0.2147560596E+01    0.1407691598E+01
    0.5678201020E-08    0.2384844144E-07    0.7673501834E-08    0.1727278829E+01    0.2850934505E+01    0.3752098560E+01
    0.5678201020E-08    0.2384844144E-07    0.9865931183E-08   -0.9600102305E+00    0.3524984360E+01    0.2632291317E+01
    0.5678201020E-08    0.2611972327E-07    0.1096214564E-08   -0.1554927111E+01    0.2135453224E+01    0.4261214256E+01
    0.5678201020E-08    0.2611972327E-07    0.3288643580E-08   -0.1133147836E+01    0.5353232622E+00    0.3337482691E+01
    0.5678201020E-08    0.2611972327E-07    0.5481072929E-08   -0.1745261312E+01   -0.1391340941E+00    0.1414233208E+01
    0.5678201020E-08    0.2611972327E-07    0.7673501834E-08   -0.6282817721E+00   -0.6055365801E+00    0.1700092703E+00
    0.5678201020E-08    0.2611972327E-07    0.9865931183E-08   -0.3802104890E+00    0.6330940127E+00   -0.7332291007E+00
    0.7949481073E-08    0.1135640137E-08    0.1096214564E-08    0.1640256882E+01    0.9032063484E+00    0.3901903629E+00
    0.7949481073E-08    0.1135640137E-08    0.3288643580E-08   -0.1437389970E+01    0.6942551732E+00    0.6667951941E+00
    0.7949481073E-08    0.1135640137E-08    0.5481072929E-08    0.2401899338E+01    0.8733420372E+00    0.4924475551E+00
    0.7949481073E-08    0.1135640137E-08    0.7673501834E-08    0.2134984016E+01    0.6201559305E+00    0.1313981652E+01
    0.7949481073E-08    0.1135640137E-08    0.9865931183E-08    0.7157524109E+01    0.4479973316E+01    0.1234932709E+02
    0.7949481073E-08    0.3406920523E-08    0.1096214564E-08    0.4170346737E+01    0.1401622581E+02    0.1619219398E+02
    0.7949481073E-08    0.3406920523E-08    0.3288643580E-08   -0.3106191874E+01    0.1757416344E+02    0.1575880146E+02
    0.7949481073E-08    0.3406920523E-08    0.5481072929E-08   -0.4130560398E+01    0.1542787457E+02    0.1089676952E+02
    0.7949481073E-08    0.3406920523E-08    0.7673501834E-08   -0.1839096546E+01    0.8256100655E+01    0.5325598240E+01
    0.7949481073E-08    0.3406920523E-08    0.9865931183E-08   -0.4850858748E+00    0.3204429150E+01    0.6684579849E+00
    0.7949481073E-08    0.5678201020E-08    0.1096214564E-08    0.4853376150E+00    0.5449802876E+00    0.2794799805E+01
    0.7949481073E-08    0.5678201020E-08    0.3288643580E-08   -0.3263623416E+00   -0.2891306579E+00    0.5306418538E+00
    0.7949481073E-08    0.5678201020E-08    0.5481072929E-08    0.8848310262E-01   -0.5940519571E+00    0.5018364191E+00
    0.7949481073E-08    0.5678201020E-08    0.7673501834E-08   -0.7904388309E+00   -0.7488318086E+00    0.3550793529E+00
    0.7949481073E-08    0.5678201020E-08    0.9865931183E-08    0.5385407209E+00    0.6004208922E+00    0.1530071378E+01
    0.7949481073E-08    0.7949481073E-08    0.1096214564E-08    0.5990085602E+01    0.4296807766E+01    0.1348197079E+02
    0.7949481073E-08    0.7949481073E-08    0.3288643580E-08    0.1702366257E+02    0.6999858856E+01    0.1616474342E+02
    0.7949481073E-08    0.7949481073E-08    0.5481072929E-08    0.1275545025E+02    0.1456604290E+02   -0.1371584797E+02
    0.7949481073E-08    0.7949481073E-08    0.7673501834E-08   -0.3997403860E+01    0.1226127338E+02   -0.2321291542E+02
    0.7949481073E-08    0.7949481073E-08    0.9865931183E-08   -0.1331435871E+02    0.1363328171E+02    0.2522874355E+01
    0.7949481073E-08    0.1022076113E-07    0.1096214564E-08   -0.7723792553E+01    0.7291330814E+01    0.1723833466E+02
    0.7949481073E-08    0.1022076113E-07    0.3288643580E-08   -0.3672686338E+01    0.3759021521E+01    0.9723359942E+00
    0.7949481073E-08    0.1022076113E-07    0.5481072929E-08   -0.7437928319E+00    0.2567406416E+01   -0.7141389847E+00
    0.7949481073E-08    0.1022076113E-07    0.7673501834E-08   -0.1446253061E+01   -0.1392331243E+01    0.4765250981E+00
    0.7949481073E-08    0.1022076113E-07    0.9865931183E-08    0.1360102415E+01    0.1020699859E+01    0.1159920767E+00
    0.7949481073E-08    0.1249204207E-07    0.1096214564E-08    0.2189741850E+01   -0.4968100786E+00    0.1257947803E+01
    0.7949481073E-08    0.1249204207E-07    0.3288643580E-08    0.3978990078E+01   -0.1036229134E+01    0.4067572594E+01
    0.7949481073E-08    0.1249204207E-07    0.5481072929E-08    0.1746439171E+02    0.2534398794E+01    0.1431857967E+02
    0.7949481073E-08    0.1249204207E-07    0.7673501834E-08    0.2688440895E+02    0.9494821548E+01   -0.1293379784E+02
    0.7949481073E-08    0.1249204207E-07    0.9865931183E-08   -0.7015910625E+01   -0.2330033064E+01   -0.7968537140E+02
    0.7949481073E-08    0.1476332212E-07    0.1096214564E-08    0.1598380470E+02    0.3279722452E+01   -0.6765010071E+02
    0.7949481073E-08    0.1476332212E-07    0.3288643580E-08   -0.1894520760E+02    0.1062761918E+00   -0.1383464622E+02
    0.7949481073E-08    0.1476332212E-07    0.5481072929E-08   -0.1383851719E+02    0.1234935999E+01    0.1335287857E+02
    0.7949481073E-08    0.1476332212E-07    0.7673501834E-08   -0.2120089531E+01   -0.1929442436E+00   -0.6318609118E+00
    0.7949481073E-08    0.1476332212E-07    0.9865931183E-08   -0.1164826035E+01    0.7610210776E+00    0.3485690355E+00
    0.7949481073E-08    0.1703460129E-07    0.1096214564E-08    0.1977851838E+00   -0.9986039400E+00    0.8706506491E+00
    0.7949481073E-08    0.1703460129E-07    0.3288643580E-08    0.6579307914E+00    0.6902907491E+00    0.1073975325E+01
    0.7949481073E-08    0.1703460129E-07    0.5481072929E-08    0.1664731145E+01    0.2045084000E+01    0.1005991578E+01
    0.7949481073E-08    0.1703460129E-07    0.7673501834E-08    0.1869037271E+01   -0.8193473816E+00    0.2182479858E+01
    0.7949481073E-08    0.1703460129E-07    0.9865931183E-08    0.1179739761E+02   -0.4085625648E+01    0.1631548691E+02
    0.7949481073E-08    0.1930588134E-07    0.1096214564E-08    0.1551012802E+02   -0.1901158452E+01   -0.1120065403E+02
    0.7949481073E-08    0.1930588134E-07    0.3288643580E-08    0.5275577545E+01   -0.2062272310E+01   -0.7153495026E+02
    0.7949481073E-08    0.1930588134E-07    0.5481072929E-08    0.1304016232E+01   -0.6979555607E+01   -0.6616384125E+02
    0.7949481073E-08    0.1930588134E-07    0.7673501834E-08   -0.2000876236E+02   -0.7505411625E+01   -0.4848868370E+01
    0.7949481073E-08    0.1930588134E-07    0.9865931183E-08   -0.9779792786E+01   -0.3397930145E+01    0.1649422073E+02
    0.7949481073E-08    0.2157716139E-07    0.1096214564E-08   -0.1950011492E+01    0.1212144017E+01   -0.8457936049E+00
    0.7949481073E-08    0.2157716139E-07    0.3288643580E-08   -0.2669097185E+01   -0.8252451420E+00    0.2570504189E+01
    0.7949481073E-08    0.2157716139E-07    0.5481072929E-08   -0.6740049124E+00   -0.3500635922E+00    0.9232505560E+00
    0.7949481073E-08    0.2157716139E-07    0.7673501834E-08   -0.2543531060E+00    0.5609831214E-01    0.6904226542E+00
    0.7949481073E-08    0.2157716139E-07    0.9865931183E-08    0.4033465683E+00    0.1103102565E+01    0.1350410432E+00
    0.7949481073E-08    0.2384844144E-07    0.1096214564E-08    0.1933585763E+01    0.1169835091E+01    0.2701272368E+00
    0.7949481073E-08    0.2384844144E-07    0.3288643580E-08    0.6252052307E+01   -0.2700125456E+01    0.8015172958E+01
    0.7949481073E-08    0.2384844144E-07    0.5481072929E-08    0.1537583923E+02   -0.7872916698E+01    0.3924853563E+01
    0.7949481073E-08    0.2384844144E-07    0.7673501834E-08    0.1078661442E+02   -0.2059952354E+02   -0.1401573563E+02
    0.7949481073E-08    0.2384844144E-07    0.9865931183E-08   -0.5443751335E+01   -0.2350740433E+02   -0.6670398235E+01
    0.7949481073E-08    0.2611972327E-07    0.1096214564E-08   -0.7499796391E+01   -0.9325261116E+01    0.1156136513E+02
    0.7949481073E-08    0.2611972327E-07    0.3288643580E-08   -0.2399744749E+01   -0.5645193577E+01    0.5731248856E+01
    0.7949481073E-08    0.2611972327E-07    0.5481072929E-08   -0.2268454790E+01   -0.2778521776E+01   -0.1345292330E+01
    0.7949481073E-08    0.2611972327E-07    0.7673501834E-08   -0.1830362320E+01    0.1307647705E+01    0.2296638966E+01
    0.7949481073E-08    0.2611972327E-07    0.9865931183E-08   -0.4155864716E+00   -0.6444678307E+00    0.2018091917E+01
    0.1022076113E-07    0.1135640137E-08    0.1096214564E-08   -0.6529785395E+00   -0.7847068310E+00    0.2656977475E+00
    0.1022076113E-07    0.1135640137E-08    0.3288643580E-08    0.1681847811E+01   -0.4286927581E+00    0.6078536510E+00
    0.1022076113E-07    0.1135640137E-08    0.5481072929E-08    0.4886132181E+00   -0.2193207979E+01    0.2521670461E+00
    0.1022076113E-07    0.1135640137E-08    0.7673501834E-08    0.2325231791E+01    0.7294662595E+00    0.1009466052E+01
    0.1022076113E-07    0.1135640137E-08    0.9865931183E-08    0.4778094769E+01   -0.2136344910E+01    0.9282386780E+01
    0.1022076113E-07    0.3406920523E-08    0.1096214564E-08    0.6085531712E+01   -0.1299263191E+02    0.1276628304E+02
    0.1022076113E-07    0.3406920523E-08    0.3288643580E-08   -0.3369097233E+01   -0.8227732658E+01    0.1408798504E+02
    0.1022076113E-07    0.3406920523E-08    0.5481072929E-08   -0.2581007242E+01   -0.3079271317E+01    0.4976466179E+01
    0.1022076113E-07    0.3406920523E-08    0.7673501834E-08   -0.2898588419E+01   -0.2188609600E+01    0.1757549405E+01
    0.1022076113E-07    0.3406920523E-08    0.9865931183E-08   -0.3319070101E+01   -0.1381766677E+01    0.1030632019E+01
    0.1022076113E-07    0.5678201020E-08    0.1096214564E-08   -0.1732804298E+01   -0.2601882696E+01    0.4326324940E+01
    0.1022076113E-07    0.5678201020E-08    0.3288643580E-08    0.7893943787E+00    0.7733542919E+00    0.1494891763E+01
    0.1022076113E-07    0.5678201020E-08    0.5481072929E-08   -0.2614848912E+00   -0.8010129631E-01   -0.1616078019E+00
    0.1022076113E-07    0.5678201020E-08    0.7673501834E-08    0.1247794747E+01    0.4243288934E+00    0.4608008862E+00
    0.1022076113E-07    0.5678201020E-08    0.9865931183E-08    0.1088223577E+01   -0.1250588655E+01    0.2825274467E+00
    0.1022076113E-07    0.7949481073E-08    0.1096214564E-08    0.7636170834E-01   -0.1777590036E+01   -0.3545439541E+00
    0.1022076113E-07    0.7949481073E-08    0.3288643580E-08   -0.1151836872E+01   -0.1379345179E+01    0.1094990373E+01
    0.1022076113E-07    0.7949481073E-08    0.5481072929E-08    0.1906439215E+00   -0.3032841444E+01    0.9774857163E+00
    0.1022076113E-07    0.7949481073E-08    0.7673501834E-08    0.1272792816E+01   -0.2919698715E+01    0.1311421871E+01
    0.1022076113E-07    0.7949481073E-08    0.9865931183E-08    0.1333492160E+01   -0.2986016512E+01    0.2478289127E+01
    0.1022076113E-07    0.1022076113E-07    0.1096214564E-08    0.3090205193E+00   -0.1043995097E+00    0.1915725470E+01
    0.1022076113E-07    0.1022076113E-07    0.3288643580E-08    0.2067866325E+00   -0.3792179227E+00   -0.8463856578E+00
    0.1022076113E-07    0.1022076113E-07    0.5481072929E-08   -0.2307470560E+01   -0.7068649530E+00    0.5277863145E+00
    0.1022076113E-07    0.1022076113E-07    0.7673501834E-08    0.8266880512E+00    0.2850176394E+00   -0.6404691935E+00
    0.1022076113E-07    0.1022076113E-07    0.9865931183E-08    0.7773459554E+00   -0.1497025847E+01   -0.6967390329E-01
    0.1022076113E-07    0.1249204207E-07    0.1096214564E-08    0.2183142424E+01   -0.2960946798E+01    0.1062419891E+01
    0.1022076113E-07    0.1249204207E-07    0.3288643580E-08    0.1848545313E+01   -0.2475648165E+01    0.1336320281E+01
    0.1022076113E-07    0.1249204207E-07    0.5481072929E-08    0.3842707574E+00   -0.4075498581E+01    0.2223855972E+01
    0.1022076113E-07    0.1249204207E-07    0.7673501834E-08   -0.7170895338E+00   -0.1383268356E+01   -0.1161388874E+01
    0.1022076113E-07    0.1249204207E-07    0.9865931183E-08   -0.1372208238E+01   -0.1851410866E+01    0.4468927681E+00
    0.1022076113E-07    0.1476332212E-07    0.1096214564E-08   -0.1998545527E+01    0.9735977650E+00    0.6873821020E+00
    0.1022076113E-07    0.1476332212E-07    0.3288643580E-08   -0.3066598475E+00    0.9862419963E+00    0.1708464503E+01
    0.1022076113E-07    0.1476332212E-07    0.5481072929E-08   -0.1450250268E+01   -0.3778450191E+00    0.2851458073E+01
    0.1022076113E-07    0.1476332212E-07    0.7673501834E-08   -0.2713670015E+01   -0.3398446739E+00    0.7601730824E+00
    0.1022076113E-07    0.1476332212E-07    0.9865931183E-08   -0.2138154745E+01   -0.6430820823E+00   -0.4136762023E+00
    0.1022076113E-07    0.1703460129E-07    0.1096214564E-08    0.1137742281E+01    0.2966553867E+00    0.3778378069E+00
    0.1022076113E-07    0.1703460129E-07    0.3288643580E-08    0.1006119967E+01   -0.1529137015E+01    0.5303786993E+00
    0.1022076113E-07    0.1703460129E-07    0.5481072929E-08    0.1585157990E+01   -0.8454630375E+00    0.1796045423E+01
    0.1022076113E-07    0.1703460129E-07    0.7673501834E-08   -0.7598982006E-01   -0.1702076554E+01    0.1571214557E+01
    0.1022076113E-07    0.1703460129E-07    0.9865931183E-08    0.2213539779E+00   -0.1561143398E+01    0.1068336964E+01
    0.1022076113E-07    0.1930588134E-07    0.1096214564E-08    0.2852241695E+00   -0.9792597890E+00    0.2286592007E+01
    0.1022076113E-07    0.1930588134E-07    0.3288643580E-08    0.2422253191E+00   -0.7834690809E+00    0.2683292627E+00
    0.1022076113E-07    0.1930588134E-07    0.5481072929E-08   -0.1835732698E+01   -0.2886156179E-01    0.1754206657E+01
    0.1022076113E-07    0.1930588134E-07    0.7673501834E-08   -0.1255822539E+01   -0.7266355157E+00    0.6345492601E+00
    0.1022076113E-07    0.1930588134E-07    0.9865931183E-08    0.4224620461E+00    0.6598626971E+00    0.5846281648E+00
    0.1022076113E-07    0.2157716139E-07    0.1096214564E-08   -0.1068349123E+01    0.2344486713E+00    0.5663136244E+00
    0.1022076113E-07    0.2157716139E-07    0.3288643580E-08    0.1024219692E+00   -0.2520765364E+00    0.5536269397E-02
    0.1022076113E-07    0.2157716139E-07    0.5481072929E-08    0.2682844400E+00   -0.1706410646E+00    0.2810493231E+01
    0.1022076113E-07    0.2157716139E-07    0.7673501834E-08   -0.1443009377E+01    0.2333548516E+00   -0.6779507995E+00
    0.1022076113E-07    0.2157716139E-07    0.9865931183E-08    0.1429685354E+00   -0.3165314496E+00    0.1164101735E+00
    0.1022076113E-07    0.2384844144E-07    0.1096214564E-08    0.2359600365E+00   -0.8103208244E-01   -0.5378566384E+00
    0.1022076113E-07    0.2384844144E-07    0.3288643580E-08    0.4237162769E+00   -0.9571837187E+00   -0.3292885721E+00
    0.1022076113E-07    0.2384844144E-07    0.5481072929E-08    0.2810072303E+00    0.1239165187E+01   -0.1715282321E+01
    0.1022076113E-07    0.2384844144E-07    0.7673501834E-08   -0.4026635885E+00   -0.6670877934E+00   -0.9741653800E+00
    0.1022076113E-07    0.2384844144E-07    0.9865931183E-08    0.7157838941E+00    0.5316883922E+00    0.1434092999E+01
    0.1022076113E-07    0.2611972327E-07    0.1096214564E-08   -0.3430008411E+01    0.7051537633E+00   -0.6648648381E+00
    0.1022076113E-07    0.2611972327E-07    0.3288643580E-08   -0.1331692189E+00   -0.2472652644E+00   -0.7788550854E+00
    0.1022076113E-07    0.2611972327E-07    0.5481072929E-08    0.6243397947E-03   -0.6067491770E+00   -0.5297203064E+00
    0.1022076113E-07    0.2611972327E-07    0.7673501834E-08    0.4467157125E+00   -0.1292155862E+01   -0.1292331934E+01
    0.1022076113E-07    0.2611972327E-07    0.9865931183E-08    0.4750708342E+00   -0.3286405802E+00    0.1839628577E+01
    0.1249204207E-07    0.1135640137E-08    0.1096214564E-08    0.1191326737E+01    0.2930318415E+00   -0.2097808838E+01
    0.1249204207E-07    0.1135640137E-08    0.3288643580E-08   -0.1723742843E+01    0.1327794939E+00   -0.1266368389E+01
    0.1249204207E-07    0.1135640137E-08    0.5481072929E-08    0.2223194838E+01   -0.2587034106E+00    0.1173544645E+01
    0.1249204207E-07    0.1135640137E-08    0.7673501834E-08    0.7525243759E+00    0.2845170200E+00    0.4468795061E+00
    0.1249204207E-07    0.1135640137E-08    0.9865931183E-08    0.1491702676E+01    0.2384252310E+01    0.2479790926E+01
    0.1249204207E-07    0.3406920523E-08    0.1096214564E-08    0.7358151674E+00    0.1292912602E+01   -0.2374924183E+01
    0.1249204207E-07    0.3406920523E-08    0.3288643580E-08    0.1759901404E+01    0.1526790500E+01    0.1137242392E+00
    0.1249204207E-07    0.3406920523E-08    0.5481072929E-08   -0.1275866747E+01   -0.2938084491E-01    0.1087054968E+01
    0.1249204207E-07    0.3406920523E-08    0.7673501834E-08    0.3629758060E+00   -0.1178948879E+01    0.1807313442E+01
    0.1249204207E-07    0.3406920523E-08    0.9865931183E-08   -0.3044469655E+00   -0.2217136621E+01   -0.6770778298E+00
    0.1249204207E-07    0.5678201020E-08    0.1096214564E-08   -0.3777854145E-01    0.1253643870E+01   -0.3533920765E+01
    0.1249204207E-07    0.5678201020E-08    0.3288643580E-08    0.1615187287E+01   -0.1611038446E+01   -0.4300251901E+00
    0.1249204207E-07    0.5678201020E-08    0.5481072929E-08   -0.6837125421E+00   -0.7332695723E+00    0.1734401882E+00
    0.1249204207E-07    0.5678201020E-08    0.7673501834E-08    0.1675989479E+00    0.5597167015E+00   -0.4287366271E+00
    0.1249204207E-07    0.5678201020E-08    0.9865931183E-08    0.1222724557E+01    0.3210066319E+01    0.1341631174E+01
    0.1249204207E-07    0.7949481073E-08    0.1096214564E-08    0.4672513962E+01    0.3153562069E+01    0.1642123580E+01
    0.1249204207E-07    0.7949481073E-08    0.3288643580E-08   -0.2680407763E+00    0.1894458890E+01   -0.1425151467E+01
    0.1249204207E-07    0.7949481073E-08    0.5481072929E-08   -0.5688410252E-01    0.2303463221E+01   -0.2478522539E+01
    0.1249204207E-07    0.7949481073E-08    0.7673501834E-08   -0.1497569680E+01    0.2858687878E+01   -0.1138615847E+01
    0.1249204207E-07    0.7949481073E-08    0.9865931183E-08   -0.1713267088E+01    0.2896079302E+01   -0.1282375336E+01
    0.1249204207E-07    0.1022076113E-07    0.1096214564E-08   -0.7512631416E+00   -0.7490858436E+00   -0.1599381864E+00
    0.1249204207E-07    0.1022076113E-07    0.3288643580E-08   -0.1666912198E+01    0.3524015665E+01    0.6084828973E+00
    0.1249204207E-07    0.1022076113E-07    0.5481072929E-08    0.6374340057E+00    0.2486717105E+00   -0.4776531756E+00
    0.1249204207E-07    0.1022076113E-07    0.7673501834E-08    0.2591449022E+01   -0.6341461539E+00    0.9001827836E+00
    0.1249204207E-07    0.1022076113E-07    0.9865931183E-08   -0.1079300404E+01   -0.1232417703E+01   -0.3153788149E+00
    0.1249204207E-07    0.1249204207E-07    0.1096214564E-08   -0.7303765416E+00    0.1939526051E+00    0.8304019272E-01
    0.1249204207E-07    0.1249204207E-07    0.3288643580E-08    0.2650000572E+01    0.2709880114E+01    0.1919731498E+01
    0.1249204207E-07    0.1249204207E-07    0.5481072929E-08    0.1581927419E+01    0.2393785715E+01   -0.1637975216E+01
    0.1249204207E-07    0.1249204207E-07    0.7673501834E-08    0.2102869987E+01    0.2378748417E+01   -0.1695260108E+00
    0.1249204207E-07    0.1249204207E-07    0.9865931183E-08    0.1448959231E+01    0.8817952156E+01    0.2124425173E+00
    0.1249204207E-07    0.1476332212E-07    0.1096214564E-08   -0.4709960938E+01    0.8200648308E+01    0.1215273380E+01
    0.1249204207E-07    0.1476332212E-07    0.3288643580E-08   -0.2134305239E+01    0.5569781303E+01    0.4894092679E+00
    0.1249204207E-07    0.1476332212E-07    0.5481072929E-08   -0.2976285934E+01    0.5151895523E+01   -0.1374671102E+01
    0.1249204207E-07    0.1476332212E-07    0.7673501834E-08   -0.2225391865E+01    0.3186996222E+01    0.1047756433E+01
    0.1249204207E-07    0.1476332212E-07    0.9865931183E-08   -0.7600427270E+00    0.2133253098E+01   -0.2053069353E+01
    0.1249204207E-07    0.1703460129E-07    0.1096214564E-08    0.2227917433E+01    0.1352102995E+01    0.8347433805E-01
    0.1249204207E-07    0.1703460129E-07    0.3288643580E-08    0.1091746092E+01    0.1513990998E+01    0.2322305888E+00
    0.1249204207E-07    0.1703460129E-07    0.5481072929E-08    0.8313284516E+00    0.1702441573E+01    0.9955496788E+00
    0.1249204207E-07    0.1703460129E-07    0.7673501834E-08    0.1020024538E+01    0.1606924534E+01    0.1661153674E+01
    0.1249204207E-07    0.1703460129E-07    0.9865931183E-08    0.2993133783E+01    0.1956998825E+01    0.1595317841E+01
    0.1249204207E-07    0.1930588134E-07    0.1096214564E-08    0.1431423378E+02    0.1915261269E+02   -0.6042522430E+01
    0.1249204207E-07    0.1930588134E-07    0.3288643580E-08    0.1795986176E+02    0.2337832069E+02   -0.6483469486E+01
    0.1249204207E-07    0.1930588134E-07    0.5481072929E-08   -0.4513751507E+01    0.2021949005E+02   -0.2809600830E+01
    0.1249204207E-07    0.1930588134E-07    0.7673501834E-08   -0.1601294518E+02    0.6014375210E+01   -0.2536396027E+01
    0.1249204207E-07    0.1930588134E-07    0.9865931183E-08   -0.5673106194E+01    0.5091399670E+01    0.4627526104E+00
    0.1249204207E-07    0.2157716139E-07    0.1096214564E-08   -0.2577379465E+01    0.2733639240E+01   -0.1444099426E+01
    0.1249204207E-07    0.2157716139E-07    0.3288643580E-08   -0.1038249612E+01    0.4378168106E+01   -0.2990475893E+01
    0.1249204207E-07    0.2157716139E-07    0.5481072929E-08    0.9614591002E+00    0.2185186386E+01   -0.1446251392E+01
    0.1249204207E-07    0.2157716139E-07    0.7673501834E-08   -0.6924007535E+00    0.4638375342E-01   -0.7389816642E+00
    0.1249204207E-07    0.2157716139E-07    0.9865931183E-08    0.2578831911E+00   -0.2865927219E+00   -0.1092447162E+01
    0.1249204207E-07    0.2384844144E-07    0.1096214564E-08    0.5369618416E+01    0.1584548235E+01    0.1148288131E+01
    0.1249204207E-07    0.2384844144E-07    0.3288643580E-08    0.9109233856E+01    0.4589399695E+00    0.3007660210E+00
    0.1249204207E-07    0.2384844144E-07    0.5481072929E-08    0.2343342590E+02    0.1253538036E+02   -0.8956264496E+01
    0.1249204207E-07    0.2384844144E-07    0.7673501834E-08    0.1476563740E+02    0.2076036453E+02   -0.1201626968E+02
    0.1249204207E-07    0.2384844144E-07    0.9865931183E-08   -0.1608649063E+02    0.1564120770E+02    0.1033334255E+01
    0.1249204207E-07    0.2611972327E-07    0.1096214564E-08   -0.1606369591E+02    0.3850398064E+00   -0.3255384922E+01
    0.1249204207E-07    0.2611972327E-07    0.3288643580E-08   -0.8035636902E+01    0.5533915997E+01   -0.8658186793E+00
    0.1249204207E-07    0.2611972327E-07    0.5481072929E-08   -0.2898642063E+01   -0.1558946490E+01   -0.3258827686E+01
    0.1249204207E-07    0.2611972327E-07    0.7673501834E-08   -0.2165262938E+01    0.3909526467E+00   -0.2373900414E+01
    0.1249204207E-07    0.2611972327E-07    0.9865931183E-08    0.1502637416E+00   -0.7857431471E-01   -0.4829288423E+00
    0.1476332212E-07    0.1135640137E-08    0.1096214564E-08    0.7815161943E+00    0.7593957782E+00    0.5049098134E+00
    0.1476332212E-07    0.1135640137E-08    0.3288643580E-08    0.2652490854E+01   -0.6761247516E+00   -0.1578635931E+01
    0.1476332212E-07    0.1135640137E-08    0.5481072929E-08    0.3841094017E+01   -0.1628561020E+01    0.1721632201E-02
    0.1476332212E-07    0.1135640137E-08    0.7673501834E-08    0.2719265223E+01   -0.1373190999E+01   -0.2305779457E+01
    0.1476332212E-07    0.1135640137E-08    0.9865931183E-08    0.1807071114E+02   -0.7970023155E+01   -0.8579726219E+01
    0.1476332212E-07    0.3406920523E-08    0.1096214564E-08    0.1545532417E+02   -0.2525032616E+02   -0.1526948547E+02
    0.1476332212E-07    0.3406920523E-08    0.3288643580E-08   -0.1140739346E+02   -0.1251455593E+02   -0.2992325425E+00
    0.1476332212E-07    0.3406920523E-08    0.5481072929E-08   -0.1854732895E+02   -0.1385771561E+02   -0.3297050476E+01
    0.1476332212E-07    0.3406920523E-08    0.7673501834E-08   -0.5462993622E+01    0.2738018632E+00   -0.2029160261E+01
    0.1476332212E-07    0.3406920523E-08    0.9865931183E-08   -0.1432969213E+01   -0.1204521418E+01   -0.3747491121E+01
    0.1476332212E-07    0.5678201020E-08    0.1096214564E-08   -0.2851160288E+01    0.7013751566E-01   -0.8234556913E+00
    0.1476332212E-07    0.5678201020E-08    0.3288643580E-08   -0.5760548711E+00   -0.1108205989E+00   -0.8007266521E+00
    0.1476332212E-07    0.5678201020E-08    0.5481072929E-08    0.2943943977E+01    0.7610968947E+00   -0.6160187125E+00
    0.1476332212E-07    0.5678201020E-08    0.7673501834E-08    0.3303602219E+01    0.9727036357E+00    0.1194288582E+00
    0.1476332212E-07    0.5678201020E-08    0.9865931183E-08    0.1784928918E+01    0.6889484525E+00    0.1259587526E+01
    0.1476332212E-07    0.7949481073E-08    0.1096214564E-08    0.7685658932E+01    0.1115629077E+01    0.1942522645E+01
    0.1476332212E-07    0.7949481073E-08    0.3288643580E-08    0.1673584938E+02   -0.9449907303E+01   -0.9355035782E+01
    0.1476332212E-07    0.7949481073E-08    0.5481072929E-08    0.1918075180E+02   -0.2109984589E+02   -0.1423855972E+02
    0.1476332212E-07    0.7949481073E-08    0.7673501834E-08   -0.7861310005E+01   -0.1710025787E+02   -0.5199649811E+01
    0.1476332212E-07    0.7949481073E-08    0.9865931183E-08   -0.9764527321E+01   -0.4936577797E+01   -0.1529279947E+01
    0.1476332212E-07    0.1022076113E-07    0.1096214564E-08   -0.5342797756E+01    0.1125712991E+01    0.8604819775E+00
    0.1476332212E-07    0.1022076113E-07    0.3288643580E-08   -0.4865530968E+01   -0.1161618471E+01   -0.2230632067E+01
    0.1476332212E-07    0.1022076113E-07    0.5481072929E-08   -0.2061764002E+01   -0.2980944216E+00   -0.8875960708E+00
    0.1476332212E-07    0.1022076113E-07    0.7673501834E-08    0.9004673362E-01    0.8590133786E+00   -0.5098400712E+00
    0.1476332212E-07    0.1022076113E-07    0.9865931183E-08   -0.1938291937E+00   -0.4530223608E+00    0.7061615586E+00
    0.1476332212E-07    0.1249204207E-07    0.1096214564E-08    0.5630376190E-01    0.2531263351E+01    0.1780553579E+01
    0.1476332212E-07    0.1249204207E-07    0.3288643580E-08    0.1911840796E+01    0.1825434417E+00   -0.1662764668E+01
    0.1476332212E-07    0.1249204207E-07    0.5481072929E-08    0.7164053917E+01    0.2526829243E+00   -0.1028385282E+01
    0.1476332212E-07    0.1249204207E-07    0.7673501834E-08    0.6406369686E+01   -0.4289330006E+01   -0.2302608490E+01
    0.1476332212E-07    0.1249204207E-07    0.9865931183E-08    0.2394438744E+01   -0.9932531357E+01    0.1193959117E+01
    0.1476332212E-07    0.1476332212E-07    0.1096214564E-08   -0.3595500708E+01   -0.7239386559E+01    0.3434654474E+01
    0.1476332212E-07    0.1476332212E-07    0.3288643580E-08   -0.3286237478E+01   -0.2433497757E+00   -0.2767878473E+00
    0.1476332212E-07    0.1476332212E-07    0.5481072929E-08   -0.3557227135E+01    0.1655311286E+00   -0.9761900306E+00
    0.1476332212E-07    0.1476332212E-07    0.7673501834E-08   -0.9942765832E+00   -0.5537394285E+00   -0.9031963944E+00
    0.1476332212E-07    0.1476332212E-07    0.9865931183E-08   -0.4814074934E+00   -0.9670211077E+00   -0.2008883841E-01
    0.1476332212E-07    0.1703460129E-07    0.1096214564E-08   -0.1018181801E+01    0.1071656108E+01   -0.7711352706E+00
    0.1476332212E-07    0.1703460129E-07    0.3288643580E-08   -0.2632890083E-01   -0.1473310590E+01    0.1840250492E+01
    0.1476332212E-07    0.1703460129E-07    0.5481072929E-08    0.1503886938E+01   -0.2141451836E+01    0.1492108226E+01
    0.1476332212E-07    0.1703460129E-07    0.7673501834E-08    0.1516251445E+01    0.2224875093E+00    0.6524710655E+00
    0.1476332212E-07    0.1703460129E-07    0.9865931183E-08   -0.9925507754E-01   -0.3560451269E+00   -0.6822884083E+00
    0.1476332212E-07    0.1930588134E-07    0.1096214564E-08    0.6014204621E+00   -0.2989763975E+01    0.2764113545E+00
    0.1476332212E-07    0.1930588134E-07    0.3288643580E-08   -0.3594654799E+00   -0.6198061943E+01    0.1996531844E+01
    0.1476332212E-07    0.1930588134E-07    0.5481072929E-08    0.3569484651E+00   -0.5283440590E+01    0.2967257500E+01
    0.1476332212E-07    0.1930588134E-07    0.7673501834E-08   -0.1353979204E-01   -0.4061617374E+01    0.1791734099E+01
    0.1476332212E-07    0.1930588134E-07    0.9865931183E-08   -0.2038960218E+01   -0.1477239251E+01    0.1094504237E+01
    0.1476332212E-07    0.2157716139E-07    0.1096214564E-08    0.4968488514E+00    0.1598300815E+01    0.1203379869E+01
    0.1476332212E-07    0.2157716139E-07    0.3288643580E-08   -0.1667304993E+01   -0.1592992783E+01    0.5494514108E+00
    0.1476332212E-07    0.2157716139E-07    0.5481072929E-08   -0.6020020843E+00    0.6876634359E+00    0.7365546823E+00
    0.1476332212E-07    0.2157716139E-07    0.7673501834E-08    0.1280379176E+01   -0.2640200853E+01   -0.6691799760E+00
    0.1476332212E-07    0.2157716139E-07    0.9865931183E-08   -0.2521374524E+00   -0.2994827747E+01    0.1277377248E+01
    0.1476332212E-07    0.2384844144E-07    0.1096214564E-08    0.1161557436E+01   -0.2098772764E+01    0.1835148036E+00
    0.1476332212E-07    0.2384844144E-07    0.3288643580E-08    0.1325875282E+01   -0.2590288877E+01    0.5577689409E+00
    0.1476332212E-07    0.2384844144E-07    0.5481072929E-08    0.1185547352E+01   -0.8720391989E+00   -0.8388938308E+00
    0.1476332212E-07    0.2384844144E-07    0.7673501834E-08    0.2075875103E+00   -0.3961416721E+01   -0.1316181779E+01
    0.1476332212E-07    0.2384844144E-07    0.9865931183E-08   -0.7051607966E+00   -0.2736002922E+01   -0.4180387557E+00
    0.1476332212E-07    0.2611972327E-07    0.1096214564E-08   -0.1280407071E+01    0.5928674936E+00    0.5590192080E+00
    0.1476332212E-07    0.2611972327E-07    0.3288643580E-08    0.4364720881E+00    0.8262573481E+00    0.1540748715E+01
    0.1476332212E-07    0.2611972327E-07    0.5481072929E-08   -0.2800441504E+01    0.2867699265E+00    0.1890883207E+01
    0.1476332212E-07    0.2611972327E-07    0.7673501834E-08   -0.3879319668E+01   -0.2817346573E+01   -0.2727778256E+00
    0.1476332212E-07    0.2611972327E-07    0.9865931183E-08    0.9035484791E+00   -0.1608604670E+01    0.2465401590E+00
    0.1703460129E-07    0.1135640137E-08    0.1096214564E-08    0.1538545340E+00   -0.6894592643E+00    0.1478237987E+01
    0.1703460129E-07    0.1135640137E-08    0.3288643580E-08    0.1211464405E+01   -0.1667692542E+01    0.4542910755E+00
    0.1703460129E-07    0.1135640137E-08    0.5481072929E-08    0.3460687771E-01   -0.1428413033E+01    0.1998409778E+00
    0.1703460129E-07    0.1135640137E-08    0.7673501834E-08   -0.4911783934E+00   -0.2063707113E+01    0.5745049119E+00
    0.1703460129E-07    0.1135640137E-08    0.9865931183E-08    0.1503255069E+00    0.1882235706E+00    0.2714108527E+00
    0.1703460129E-07    0.3406920523E-08    0.1096214564E-08    0.1242831349E+01   -0.1196029663E+01   -0.1079745770E+01
    0.1703460129E-07    0.3406920523E-08    0.3288643580E-08    0.4376626909E+00   -0.1553983808E+01   -0.5715081096E+00
    0.1703460129E-07    0.3406920523E-08    0.5481072929E-08    0.2049153805E+01    0.1555546373E+00   -0.8226022124E+00
    0.1703460129E-07    0.3406920523E-08    0.7673501834E-08    0.5541036129E+00   -0.1258020848E+00    0.8830771446E+00
    0.1703460129E-07    0.3406920523E-08    0.9865931183E-08    0.7587472796E+00    0.1587757170E+00    0.4218505621E+00
    0.1703460129E-07    0.5678201020E-08    0.1096214564E-08    0.9070067853E-01   -0.2363996029E+01    0.1232506394E+01
    0.1703460129E-07    0.5678201020E-08    0.3288643580E-08   -0.1415781140E+01    0.2415763289E+00    0.9459347725E+00
    0.1703460129E-07    0.5678201020E-08    0.5481072929E-08   -0.7733323574E+00   -0.4199884534E+00   -0.5365971923E+00
    0.1703460129E-07    0.5678201020E-08    0.7673501834E-08    0.1276926249E+00    0.9941240549E+00    0.2336522341E+00
    0.1703460129E-07    0.5678201020E-08    0.9865931183E-08    0.6369187832E+00   -0.2190018415E+01   -0.8611833453E+00
    0.1703460129E-07    0.7949481073E-08    0.1096214564E-08    0.4969052672E+00   -0.1249557495E+01    0.4809054136E+00
    0.1703460129E-07    0.7949481073E-08    0.3288643580E-08    0.2565891981E+01    0.2552031875E+00   -0.6628371477E+00
    0.1703460129E-07    0.7949481073E-08    0.5481072929E-08    0.4741135538E+00   -0.1291751564E+00   -0.2870244265E+01
    0.1703460129E-07    0.7949481073E-08    0.7673501834E-08    0.2198400944E+00    0.5207735896E+00   -0.2194431067E+01
    0.1703460129E-07    0.7949481073E-08    0.9865931183E-08   -0.1396531224E+01    0.1580114126E+01   -0.2137892962E+01
    0.1703460129E-07    0.1022076113E-07    0.1096214564E-08    0.1743123531E+01   -0.1045041084E+01   -0.6553228498E+00
    0.1703460129E-07    0.1022076113E-07    0.3288643580E-08    0.8358990550E+00   -0.1258913994E+01    0.2921217978E+00
    0.1703460129E-07    0.1022076113E-07    0.5481072929E-08    0.1170711040E+01   -0.2109475851E+01    0.1665285081E+00
    0.1703460129E-07    0.1022076113E-07    0.7673501834E-08    0.9820702672E+00   -0.5478438139E+00   -0.3968190576E-03
    0.1703460129E-07    0.1022076113E-07    0.9865931183E-08   -0.3201549947E+00   -0.3626725376E+00   -0.2268798202E+00
    0.1703460129E-07    0.1249204207E-07    0.1096214564E-08   -0.1174746394E+01   -0.1366786003E+01   -0.4916840792E+00
    0.1703460129E-07    0.1249204207E-07    0.3288643580E-08    0.1109600186E+01    0.2431741953E+01    0.1036621690E+01
    0.1703460129E-07    0.1249204207E-07    0.5481072929E-08   -0.1255406022E+01    0.1631059498E+00   -0.9137461185E+00
    0.1703460129E-07    0.1249204207E-07    0.7673501834E-08    0.2001015544E+00    0.5496870279E+00   -0.2139935017E+01
    0.1703460129E-07    0.1249204207E-07    0.9865931183E-08    0.3547904789E+00    0.8090600371E+00   -0.2042189360E+01
    0.1703460129E-07    0.1476332212E-07    0.1096214564E-08   -0.1616045386E+00    0.8010782003E+00   -0.1114666462E+01
    0.1703460129E-07    0.1476332212E-07    0.3288643580E-08    0.5531744957E+00    0.1067250609E+01   -0.1934649467E+01
    0.1703460129E-07    0.1476332212E-07    0.5481072929E-08   -0.9685415030E+00   -0.9172124267E+00   -0.2721637487E+01
    0.1703460129E-07    0.1476332212E-07    0.7673501834E-08    0.1210143089E+01   -0.2286141157E+01   -0.1766854286E+01
    0.1703460129E-07    0.1476332212E-07    0.9865931183E-08   -0.8415434361E+00   -0.5833488107E+00   -0.8119770288E+00
    0.1703460129E-07    0.1703460129E-07    0.1096214564E-08    0.2330003977E+01    0.3465754092E+00    0.9822884798E+00
    0.1703460129E-07    0.1703460129E-07    0.3288643580E-08    0.1994326711E+00   -0.3026426792E+01   -0.1117338061E+01
    0.1703460129E-07    0.1703460129E-07    0.5481072929E-08   -0.2115942717E+01   -0.3722791374E+00    0.1444290876E+01
    0.1703460129E-07    0.1703460129E-07    0.7673501834E-08   -0.1003181696E+01   -0.8519213796E+00    0.2563451767E+01
    0.1703460129E-07    0.1703460129E-07    0.9865931183E-08    0.1586740613E+01    0.4959748983E+00   -0.6872629374E-01
    0.1703460129E-07    0.1930588134E-07    0.1096214564E-08    0.5329720974E+00    0.2407914400E+01   -0.2185754776E+01
    0.1703460129E-07    0.1930588134E-07    0.3288643580E-08    0.6755754352E+00   -0.1371784806E+01   -0.2485919714E+01
    0.1703460129E-07    0.1930588134E-07    0.5481072929E-08    0.1089870811E+01   -0.7258359194E+00   -0.5362740159E+00
    0.1703460129E-07    0.1930588134E-07    0.7673501834E-08   -0.3627757132E+00    0.9765815735E+00   -0.2955279350E+00
    0.1703460129E-07    0.1930588134E-07    0.9865931183E-08   -0.7776079774E+00    0.1744649768E+01   -0.8794741631E+00
    0.1703460129E-07    0.2157716139E-07    0.1096214564E-08   -0.3094342947E+01    0.1427634120E+01   -0.2543494463E+01
    0.1703460129E-07    0.2157716139E-07    0.3288643580E-08    0.5262193084E+00    0.1176230788E+01   -0.4286960363E+00
    0.1703460129E-07    0.2157716139E-07    0.5481072929E-08    0.2884971619E+01    0.1372011900E+01    0.6641461253E+00
    0.1703460129E-07    0.2157716139E-07    0.7673501834E-08   -0.1563798070E+01    0.5047599077E+00    0.1055132985E+01
    0.1703460129E-07    0.2157716139E-07    0.9865931183E-08   -0.1565770030E+01    0.7923144698E+00   -0.2070457935E+01
    0.1703460129E-07    0.2384844144E-07    0.1096214564E-08    0.1926817775E+01    0.1010723948E+01    0.2759533823E+00
    0.1703460129E-07    0.2384844144E-07    0.3288643580E-08   -0.7810161114E+00    0.4162220478E+01   -0.9477757215E+00
    0.1703460129E-07    0.2384844144E-07    0.5481072929E-08   -0.6571791172E+00    0.2112505913E+01   -0.5602634907E+01
    0.1703460129E-07    0.2384844144E-07    0.7673501834E-08   -0.8046644926E+00    0.7515728474E+01   -0.1212251186E+02
    0.1703460129E-07    0.2384844144E-07    0.9865931183E-08   -0.3531360149E+01    0.7801389217E+01   -0.1149968624E+02
    0.1703460129E-07    0.2611972327E-07    0.1096214564E-08   -0.2680063009E+01    0.4175478458E+01   -0.1095815945E+02
    0.1703460129E-07    0.2611972327E-07    0.3288643580E-08   -0.2304562569E+01    0.3551867723E+01   -0.3823036194E+01
    0.1703460129E-07    0.2611972327E-07    0.5481072929E-08   -0.4832565784E+01    0.3727205753E+01   -0.2824260235E+01
    0.1703460129E-07    0.2611972327E-07    0.7673501834E-08   -0.2331923842E+00    0.2130711794E+01   -0.1499781132E+01
    0.1703460129E-07    0.2611972327E-07    0.9865931183E-08    0.7229479551E+00    0.2329531908E+00    0.2091589451E+01
    0.1930588134E-07    0.1135640137E-08    0.1096214564E-08   -0.8818985820E+00   -0.5618187189E+00    0.1611585736E+01
    0.1930588134E-07    0.1135640137E-08    0.3288643580E-08   -0.2300094515E+00   -0.1246476293E+01    0.1084011316E+01
    0.1930588134E-07    0.1135640137E-08    0.5481072929E-08    0.3190256596E+01    0.1701330066E+01   -0.2932549417E+00
    0.1930588134E-07    0.1135640137E-08    0.7673501834E-08   -0.5120708048E-01    0.5363925934E+01   -0.4540369987E+01
    0.1930588134E-07    0.1135640137E-08    0.9865931183E-08    0.2814950228E+01    0.4927429199E+01   -0.1862234306E+02
    0.1930588134E-07    0.3406920523E-08    0.1096214564E-08    0.1479423523E+01    0.1276244640E+02   -0.8993262291E+01
    0.1930588134E-07    0.3406920523E-08    0.3288643580E-08   -0.5285660267E+01    0.9604931831E+01    0.9125452042E+01
    0.1930588134E-07    0.3406920523E-08    0.5481072929E-08   -0.8069826126E+01    0.1173348522E+02   -0.1676082420E+02
    0.1930588134E-07    0.3406920523E-08    0.7673501834E-08   -0.1951440454E+01    0.3191713333E+01   -0.9931787491E+01
    0.1930588134E-07    0.3406920523E-08    0.9865931183E-08   -0.2835938931E+01   -0.8912991285E+00   -0.4070975304E+01
    0.1930588134E-07    0.5678201020E-08    0.1096214564E-08   -0.1677877665E+01    0.1636309743E+01   -0.1223369002E+01
    0.1930588134E-07    0.5678201020E-08    0.3288643580E-08   -0.2912712395E+00    0.2310606480E+01    0.1117324177E-01
    0.1930588134E-07    0.5678201020E-08    0.5481072929E-08   -0.1404385328E+01    0.3578879833E+00   -0.5964958072E+00
    0.1930588134E-07    0.5678201020E-08    0.7673501834E-08    0.9524444938E+00   -0.7778084278E+00   -0.7931471467E+00
    0.1930588134E-07    0.5678201020E-08    0.9865931183E-08    0.3322417259E+01   -0.1189301088E+00   -0.2395049810E+01
    0.1930588134E-07    0.7949481073E-08    0.1096214564E-08    0.5427112103E+01    0.4052580833E+01   -0.1189629650E+02
    0.1930588134E-07    0.7949481073E-08    0.3288643580E-08    0.1494354248E+02   -0.7977610588E+01   -0.7714931488E+01
    0.1930588134E-07    0.7949481073E-08    0.5481072929E-08    0.2655009031E+01   -0.2526850462E+01    0.4983739090E+02
    0.1930588134E-07    0.7949481073E-08    0.7673501834E-08   -0.8458153725E+01    0.6478074074E+01    0.6160946274E+02
    0.1930588134E-07    0.7949481073E-08    0.9865931183E-08   -0.1161885834E+02    0.9672331810E+01   -0.4063353539E+01
    0.1930588134E-07    0.1022076113E-07    0.1096214564E-08   -0.3928932905E+01   -0.3123022020E+00   -0.1430382633E+02
    0.1930588134E-07    0.1022076113E-07    0.3288643580E-08   -0.2281021833E+01   -0.9785193801E+00   -0.3796985388E+01
    0.1930588134E-07    0.1022076113E-07    0.5481072929E-08    0.1609544277E+01    0.1155914545E+01   -0.3771420479E+01
    0.1930588134E-07    0.1022076113E-07    0.7673501834E-08    0.3258188367E+00   -0.3112998903E+00   -0.5253192782E+00
    0.1930588134E-07    0.1022076113E-07    0.9865931183E-08    0.5900045037E+00   -0.2568647563E+00   -0.1882849634E+00
    0.1930588134E-07    0.1249204207E-07    0.1096214564E-08    0.5465252995E+00    0.1998073697E+01   -0.2670973063E+01
    0.1930588134E-07    0.1249204207E-07    0.3288643580E-08    0.4361558914E+01   -0.2139307022E+01   -0.1993504643E+01
    0.1930588134E-07    0.1249204207E-07    0.5481072929E-08    0.6687559605E+01    0.1037194014E+01   -0.1570565224E+02
    0.1930588134E-07    0.1249204207E-07    0.7673501834E-08    0.6256869316E+01   -0.4882484913E+01   -0.1239840889E+02
    0.1930588134E-07    0.1249204207E-07    0.9865931183E-08   -0.1923467636E+01   -0.1326504803E+02    0.4103012848E+02
    0.1930588134E-07    0.1476332212E-07    0.1096214564E-08   -0.9329407692E+01   -0.9185261726E+01    0.4952565765E+02
    0.1930588134E-07    0.1476332212E-07    0.3288643580E-08   -0.1191915607E+02   -0.8268939018E+01   -0.8016544342E+01
    0.1930588134E-07    0.1476332212E-07    0.5481072929E-08   -0.2965414047E+01   -0.1185330153E+01   -0.9865190506E+01
    0.1930588134E-07    0.1476332212E-07    0.7673501834E-08    0.8092002273E+00    0.1235577345E+01   -0.2786188364E+01
    0.1930588134E-07    0.1476332212E-07    0.9865931183E-08   -0.2097535431E+00    0.1491721630E+01   -0.9167661667E+00
    0.1930588134E-07    0.1703460129E-07    0.1096214564E-08   -0.3699287772E+00    0.5546342731E+00   -0.6541577578E+00
    0.1930588134E-07    0.1703460129E-07    0.3288643580E-08    0.7001868486E+00    0.1294445246E+00   -0.2345679522E+01
    0.1930588134E-07    0.1703460129E-07    0.5481072929E-08    0.2288628578E+01    0.3439382792E+01   -0.4378247261E+01
    0.1930588134E-07    0.1703460129E-07    0.7673501834E-08    0.3374818325E+01    0.9105665684E+00   -0.6792593598E+00
    0.1930588134E-07    0.1703460129E-07    0.9865931183E-08    0.3163301706E+01    0.2568639040E+01   -0.9560964584E+01
    0.1930588134E-07    0.1930588134E-07    0.1096214564E-08    0.3975517750E+01   -0.9254426956E+01   -0.2628064919E+02
    0.1930588134E-07    0.1930588134E-07    0.3288643580E-08    0.3110574245E+01   -0.1135820198E+02   -0.9484566689E+01
    0.1930588134E-07    0.1930588134E-07    0.5481072929E-08   -0.5692119122E+01   -0.1109087849E+02   -0.1162167645E+02
    0.1930588134E-07    0.1930588134E-07    0.7673501834E-08   -0.3162113428E+01   -0.1019805813E+02   -0.1284737778E+02
    0.1930588134E-07    0.1930588134E-07    0.9865931183E-08    0.5477578640E+00   -0.1086873770E+01   -0.6611051083E+01
    0.1930588134E-07    0.2157716139E-07    0.1096214564E-08   -0.1211356878E+01   -0.1061381817E+01   -0.2500262499E+01
    0.1930588134E-07    0.2157716139E-07    0.3288643580E-08   -0.9683855772E+00   -0.1766251087E+01   -0.1808194518E+01
    0.1930588134E-07    0.2157716139E-07    0.5481072929E-08    0.2217073679E+01   -0.3283124864E+00   -0.1406895757E+01
    0.1930588134E-07    0.2157716139E-07    0.7673501834E-08   -0.2937357128E+00    0.9347870946E+00   -0.1338879108E+01
    0.1930588134E-07    0.2157716139E-07    0.9865931183E-08    0.1145091534E+01    0.2606518567E+00   -0.4820132256E+00
    0.1930588134E-07    0.2384844144E-07    0.1096214564E-08    0.1400299430E+01   -0.2943167686E+00   -0.4589212835E+00
    0.1930588134E-07    0.2384844144E-07    0.3288643580E-08    0.2042361259E+01   -0.1102876186E+01   -0.1271859169E+01
    0.1930588134E-07    0.2384844144E-07    0.5481072929E-08    0.1825174212E+01   -0.1892225742E+01   -0.3211275339E+01
    0.1930588134E-07    0.2384844144E-07    0.7673501834E-08    0.9178572893E+00   -0.2952619314E+01   -0.3961902857E+01
    0.1930588134E-07    0.2384844144E-07    0.9865931183E-08   -0.1973224998E+01   -0.1626162171E+01   -0.6152028084E+01
    0.1930588134E-07    0.2611972327E-07    0.1096214564E-08   -0.2776614428E+01    0.3892954886E+00   -0.2612838984E+01
    0.1930588134E-07    0.2611972327E-07    0.3288643580E-08   -0.1530142784E+01   -0.1352059603E+01   -0.3964397907E+01
    0.1930588134E-07    0.2611972327E-07    0.5481072929E-08   -0.1219851255E+01    0.4467442166E-02   -0.7548857331E+00
    0.1930588134E-07    0.2611972327E-07    0.7673501834E-08   -0.3430109620E+00   -0.1034641504E+01   -0.5642802119E+00
    0.1930588134E-07    0.2611972327E-07    0.9865931183E-08    0.8618863821E+00    0.8846493363E+00   -0.1823370337E+01
    0.2157716139E-07    0.1135640137E-08    0.1096214564E-08    0.9068744779E+00   -0.1762185246E+00    0.6581095457E+00
    0.2157716139E-07    0.1135640137E-08    0.3288643580E-08    0.2402613401E+01   -0.1095938683E+01    0.5275994167E-01
    0.2157716139E-07    0.1135640137E-08    0.5481072929E-08    0.2046553373E+01   -0.2553292036E+01    0.1824041605E+01
    0.2157716139E-07    0.1135640137E-08    0.7673501834E-08    0.2309568882E+01   -0.1065614820E+01    0.1202619076E+01
    0.2157716139E-07    0.1135640137E-08    0.9865931183E-08    0.5197965503E+00   -0.3231921196E+01    0.1795833588E+01
    0.2157716139E-07    0.3406920523E-08    0.1096214564E-08   -0.1844196796E+01   -0.4735181332E+01    0.7383300066E+00
    0.2157716139E-07    0.3406920523E-08    0.3288643580E-08   -0.2122791529E+01   -0.4059413910E+01    0.5324846879E-01
    0.2157716139E-07    0.3406920523E-08    0.5481072929E-08   -0.2398412228E+01   -0.2565983534E+01   -0.1081190467E+01
    0.2157716139E-07    0.3406920523E-08    0.7673501834E-08   -0.2401271820E+01   -0.5301790237E+00    0.9490815997E+00
    0.2157716139E-07    0.3406920523E-08    0.9865931183E-08    0.1526715904E+00   -0.1629876345E-01    0.2258729458E+01
    0.2157716139E-07    0.5678201020E-08    0.1096214564E-08   -0.2073980123E+00    0.9332613349E+00    0.2502733171E+00
    0.2157716139E-07    0.5678201020E-08    0.3288643580E-08    0.4269740880E+00   -0.3749001771E-01    0.1299829960E+01
    0.2157716139E-07    0.5678201020E-08    0.5481072929E-08    0.1019586802E+01   -0.3678821623E+00   -0.5491024256E+00
    0.2157716139E-07    0.5678201020E-08    0.7673501834E-08    0.2284662008E+01   -0.2906461239E+01    0.3615999222E+00
    0.2157716139E-07    0.5678201020E-08    0.9865931183E-08    0.1688665271E+01   -0.1520254254E+01    0.1822112799E+00
    0.2157716139E-07    0.7949481073E-08    0.1096214564E-08   -0.8354038596E+00   -0.8196401000E+00    0.8390282840E-01
    0.2157716139E-07    0.7949481073E-08    0.3288643580E-08    0.5746293664E+00   -0.4254935682E+00   -0.1520982504E+01
    0.2157716139E-07    0.7949481073E-08    0.5481072929E-08    0.6704277545E-01   -0.3998191118E+01   -0.1245404243E+01
    0.2157716139E-07    0.7949481073E-08    0.7673501834E-08    0.5386425257E+00   -0.2388706207E+01   -0.8941662908E+00
    0.2157716139E-07    0.7949481073E-08    0.9865931183E-08   -0.5846490264E+00   -0.5193778872E+00   -0.1436910987E+01
    0.2157716139E-07    0.1022076113E-07    0.1096214564E-08   -0.1963361800E+00    0.1612193882E+00   -0.1111652493E+01
    0.2157716139E-07    0.1022076113E-07    0.3288643580E-08   -0.5522002578E+00   -0.7443199754E+00    0.2987983823E+00
    0.2157716139E-07    0.1022076113E-07    0.5481072929E-08   -0.1981982946E+01   -0.6131584048E+00    0.1461377859E+01
    0.2157716139E-07    0.1022076113E-07    0.7673501834E-08    0.9080069065E+00    0.1334257275E+00   -0.5883706808E+00
    0.2157716139E-07    0.1022076113E-07    0.9865931183E-08   -0.1201426148E+01    0.1097146124E+00    0.8326798677E-02
    0.2157716139E-07    0.1249204207E-07    0.1096214564E-08    0.2039017439E+01    0.5310655236E+00   -0.3234744966E+00
    0.2157716139E-07    0.1249204207E-07    0.3288643580E-08    0.6659296751E+00   -0.2033251524E+01    0.1124724507E+01
    0.2157716139E-07    0.1249204207E-07    0.5481072929E-08    0.8509978056E+00   -0.1715753555E+01    0.1399543285E+01
    0.2157716139E-07    0.1249204207E-07    0.7673501834E-08   -0.5799729824E+00   -0.1838512897E+01   -0.1183433160E+00
    0.2157716139E-07    0.1249204207E-07    0.9865931183E-08    0.1148254395E+01    0.1110257506E+01   -0.2762478352E+01
    0.2157716139E-07    0.1476332212E-07    0.1096214564E-08   -0.5927117169E-01   -0.1405550718E+01   -0.8355254531E+00
    0.2157716139E-07    0.1476332212E-07    0.3288643580E-08   -0.1375288248E+01   -0.1010779381E+01   -0.8558230400E+00
    0.2157716139E-07    0.1476332212E-07    0.5481072929E-08    0.9121134281E+00    0.7189021707E+00   -0.3904694021E+00
    0.2157716139E-07    0.1476332212E-07    0.7673501834E-08    0.5965328217E+00    0.5351355076E+00    0.1615186930E+01
    0.2157716139E-07    0.1476332212E-07    0.9865931183E-08    0.3885810971E+00   -0.1344258338E+00    0.5650445223E+00
    0.2157716139E-07    0.1703460129E-07    0.1096214564E-08    0.1587301642E+00    0.1358770132E+00    0.3251676559E+00
    0.2157716139E-07    0.1703460129E-07    0.3288643580E-08    0.2609813809E+00   -0.6149064302E+00    0.7691038251E+00
    0.2157716139E-07    0.1703460129E-07    0.5481072929E-08    0.9259250760E+00    0.1218344688E+01   -0.5352070332E+00
    0.2157716139E-07    0.1703460129E-07    0.7673501834E-08   -0.1467452049E+01   -0.6590831280E-01    0.3364495337E+00
    0.2157716139E-07    0.1703460129E-07    0.9865931183E-08    0.8521438241E+00    0.1527423739E+01    0.2557368517E+01
    0.2157716139E-07    0.1930588134E-07    0.1096214564E-08   -0.1653562903E+01    0.1437854528E+01   -0.2128337026E+00
    0.2157716139E-07    0.1930588134E-07    0.3288643580E-08    0.6308727860E+00    0.4127930850E-02    0.9247662425E+00
    0.2157716139E-07    0.1930588134E-07    0.5481072929E-08    0.1451918602E+01    0.1230403185E+01   -0.3190239906E+01
    0.2157716139E-07    0.1930588134E-07    0.7673501834E-08    0.3194427490E+00    0.2975623846E+01   -0.1370994568E+01
    0.2157716139E-07    0.1930588134E-07    0.9865931183E-08   -0.6847456098E+00    0.1479595542E+01   -0.9084694386E+00
    0.2157716139E-07    0.2157716139E-07    0.1096214564E-08   -0.1712272689E-01   -0.9849094152E+00    0.6758138537E+00
    0.2157716139E-07    0.2157716139E-07    0.3288643580E-08   -0.1717496753E+01    0.2062629938E+01   -0.5820468664E+00
    0.2157716139E-07    0.2157716139E-07    0.5481072929E-08   -0.2142933130E+01    0.2308983326E+01    0.1908405572E+00
    0.2157716139E-07    0.2157716139E-07    0.7673501834E-08   -0.3652079999E+00   -0.1543083072E+01   -0.1265159249E+00
    0.2157716139E-07    0.2157716139E-07    0.9865931183E-08   -0.1202183247E+01   -0.5706985593E+00   -0.2316819191E+01
    0.2157716139E-07    0.2384844144E-07    0.1096214564E-08   -0.1049252987E+01   -0.4586572647E+00    0.3254040003E+01
    0.2157716139E-07    0.2384844144E-07    0.3288643580E-08   -0.1545910716E+01    0.2034347057E+01   -0.7418770194E+00
    0.2157716139E-07    0.2384844144E-07    0.5481072929E-08    0.8814129829E+00    0.3058951139E+01   -0.1859360337E+01
    0.2157716139E-07    0.2384844144E-07    0.7673501834E-08    0.8618872166E+00    0.1307093024E+01   -0.1155011773E+01
    0.2157716139E-07    0.2384844144E-07    0.9865931183E-08    0.2232031226E+00    0.9439237416E-01   -0.3459995985E+01
    0.2157716139E-07    0.2611972327E-07    0.1096214564E-08   -0.1973435432E+00    0.3121408701E+01   -0.2786756277E+01
    0.2157716139E-07    0.2611972327E-07    0.3288643580E-08   -0.2514024258E+01    0.2244015217E+01   -0.7920778990E+00
    0.2157716139E-07    0.2611972327E-07    0.5481072929E-08    0.4844196141E+00    0.1071188211E+01    0.7242031097E+00
    0.2157716139E-07    0.2611972327E-07    0.7673501834E-08   -0.9847232103E+00    0.2547976971E+01    0.2304509282E+00
    0.2157716139E-07    0.2611972327E-07    0.9865931183E-08    0.4665115848E-01    0.2690438271E+01    0.2925344706E+00
    0.2384844144E-07    0.1135640137E-08    0.1096214564E-08   -0.1091983914E+01   -0.6996085644E+00    0.1097846270E+01
    0.2384844144E-07    0.1135640137E-08    0.3288643580E-08   -0.1075020313E+01    0.2907665074E+00   -0.6297473311E+00
    0.2384844144E-07    0.1135640137E-08    0.5481072929E-08   -0.2943836451E+00    0.2126860380E+01    0.2561622858E+01
    0.2384844144E-07    0.1135640137E-08    0.7673501834E-08    0.9633708745E-01    0.1856814146E+01   -0.1888301373E+00
    0.2384844144E-07    0.1135640137E-08    0.9865931183E-08    0.3976085484E+00    0.3576974869E+01   -0.4403664112E+01
    0.2384844144E-07    0.3406920523E-08    0.1096214564E-08    0.1052920818E+01    0.1931490183E+01    0.7116200924E+00
    0.2384844144E-07    0.3406920523E-08    0.3288643580E-08   -0.1075862527E+01    0.5476029515E+00   -0.1135758758E+01
    0.2384844144E-07    0.3406920523E-08    0.5481072929E-08   -0.1666417718E+01    0.1441428423E+01    0.2814965844E+00
    0.2384844144E-07    0.3406920523E-08    0.7673501834E-08   -0.2326997995E+01    0.4392763615E+01   -0.4937427342E+00
    0.2384844144E-07    0.3406920523E-08    0.9865931183E-08   -0.1423121572E+01   -0.6878238916E+00    0.2920402586E+00
    0.2384844144E-07    0.5678201020E-08    0.1096214564E-08    0.6695555449E+00    0.1146407276E+00   -0.3273189068E+00
    0.2384844144E-07    0.5678201020E-08    0.3288643580E-08   -0.3229203522E+00    0.1118977308E+01    0.3137053251E+00
    0.2384844144E-07    0.5678201020E-08    0.5481072929E-08   -0.3438320458E+00    0.3508606255E+00    0.5586041808E+00
    0.2384844144E-07    0.5678201020E-08    0.7673501834E-08    0.1197509646E+01   -0.2264238447E+00    0.5290151238E+00
    0.2384844144E-07    0.5678201020E-08    0.9865931183E-08   -0.5400021672E+00   -0.1082048655E+01   -0.1951563358E+01
    0.2384844144E-07    0.7949481073E-08    0.1096214564E-08    0.2887607574E+01    0.3082872152E+01   -0.4518851280E+01
    0.2384844144E-07    0.7949481073E-08    0.3288643580E-08    0.3830843866E+00   -0.2466775894E+01   -0.1110109138E+02
    0.2384844144E-07    0.7949481073E-08    0.5481072929E-08   -0.3295396328E+01   -0.4821939468E+01   -0.1791504288E+02
    0.2384844144E-07    0.7949481073E-08    0.7673501834E-08    0.2797492266E+01   -0.2078175306E+01   -0.1613124847E+02
    0.2384844144E-07    0.7949481073E-08    0.9865931183E-08    0.1287037969E+01   -0.1113451242E+01   -0.1360597706E+02
    0.2384844144E-07    0.1022076113E-07    0.1096214564E-08   -0.1395643115E+01   -0.1804600656E+00   -0.3087428570E+01
    0.2384844144E-07    0.1022076113E-07    0.3288643580E-08   -0.3485490322E+01    0.2638569593E+01   -0.1660474181E+01
    0.2384844144E-07    0.1022076113E-07    0.5481072929E-08    0.1285212338E+00    0.1251622558E+01   -0.2353685349E+00
    0.2384844144E-07    0.1022076113E-07    0.7673501834E-08   -0.6890977621E+00    0.1012238979E+01   -0.6532604098E+00
    0.2384844144E-07    0.1022076113E-07    0.9865931183E-08   -0.3734340668E+00   -0.1397526145E+01   -0.1987380743E+01
    0.2384844144E-07    0.1249204207E-07    0.1096214564E-08    0.1005362868E+01   -0.7733140141E-01   -0.2434772253E+01
    0.2384844144E-07    0.1249204207E-07    0.3288643580E-08    0.3182917356E+01    0.3333033025E+00   -0.2115756273E+01
    0.2384844144E-07    0.1249204207E-07    0.5481072929E-08    0.1714385629E+01    0.1186146855E+01   -0.9073851585E+01
    0.2384844144E-07    0.1249204207E-07    0.7673501834E-08   -0.1339792156E+02   -0.7427588940E+01   -0.2045932388E+02
    0.2384844144E-07    0.1249204207E-07    0.9865931183E-08   -0.2059750938E+02   -0.4009517670E+02    0.4959793091E+01
    0.2384844144E-07    0.1476332212E-07    0.1096214564E-08    0.9873950958E+01   -0.3878881073E+02    0.8517209053E+01
    0.2384844144E-07    0.1476332212E-07    0.3288643580E-08    0.1133858681E+02   -0.1240491009E+02   -0.1822493553E+02
    0.2384844144E-07    0.1476332212E-07    0.5481072929E-08   -0.1368178874E+00   -0.2361912489E+01   -0.8543410301E+01
    0.2384844144E-07    0.1476332212E-07    0.7673501834E-08   -0.3365401506E+01    0.5864232033E-01    0.1579280794E+00
    0.2384844144E-07    0.1476332212E-07    0.9865931183E-08    0.2637555301E+00    0.1009137750E+01   -0.2060856342E+01
    0.2384844144E-07    0.1703460129E-07    0.1096214564E-08   -0.5376852155E+00   -0.6276403666E+00   -0.1920552999E+00
    0.2384844144E-07    0.1703460129E-07    0.3288643580E-08    0.1973169684E+01    0.4996545315E+00   -0.9088047743E+00
    0.2384844144E-07    0.1703460129E-07    0.5481072929E-08    0.6171399355E+00   -0.8581494093E+00   -0.7723339796E+00
    0.2384844144E-07    0.1703460129E-07    0.7673501834E-08   -0.7000718713E+00    0.1816240191E+01    0.1129285526E-01
    0.2384844144E-07    0.1703460129E-07    0.9865931183E-08   -0.3173689365E+01    0.5005298615E+01   -0.1592107105E+02
    0.2384844144E-07    0.1930588134E-07    0.1096214564E-08   -0.4029233170E+02   -0.3602974176E+01    0.1882515103E+00
    0.2384844144E-07    0.1930588134E-07    0.3288643580E-08   -0.4064103699E+02   -0.3388446045E+02    0.7207982635E+02
    0.2384844144E-07    0.1930588134E-07    0.5481072929E-08    0.2255779457E+02   -0.3044454193E+02    0.5704240799E+02
    0.2384844144E-07    0.1930588134E-07    0.7673501834E-08    0.3658011246E+02   -0.1565411282E+02   -0.4354447365E+01
    0.2384844144E-07    0.1930588134E-07    0.9865931183E-08    0.4481668472E+01   -0.3397544622E+01   -0.1250127506E+02
    0.2384844144E-07    0.2157716139E-07    0.1096214564E-08   -0.9445988536E+00   -0.1919585586E+01    0.3052798986E+01
    0.2384844144E-07    0.2157716139E-07    0.3288643580E-08   -0.3356251121E+00   -0.1147585273E+01   -0.1157803416E+01
    0.2384844144E-07    0.2157716139E-07    0.5481072929E-08   -0.8928826451E+00   -0.6283738613E+00   -0.1183918118E+01
    0.2384844144E-07    0.2157716139E-07    0.7673501834E-08    0.1012445092E+01    0.2022533864E+00   -0.3043764591E+01
    0.2384844144E-07    0.2157716139E-07    0.9865931183E-08   -0.1496988177E+01   -0.4420954585E+00   -0.1837923646E+01
    0.2384844144E-07    0.2384844144E-07    0.1096214564E-08    0.2271237135E+01   -0.1364043951E+01   -0.1464383125E+01
    0.2384844144E-07    0.2384844144E-07    0.3288643580E-08   -0.4271125793E+01    0.7507489204E+01   -0.1675479507E+02
    0.2384844144E-07    0.2384844144E-07    0.5481072929E-08   -0.3586918259E+02    0.1897103119E+02    0.4249505520E+01
    0.2384844144E-07    0.2384844144E-07    0.7673501834E-08   -0.3648001480E+02    0.5017305374E+02    0.6505859375E+02
    0.2384844144E-07    0.2384844144E-07    0.9865931183E-08    0.2884817696E+02    0.4185924530E+02    0.4796377563E+02
    0.2384844144E-07    0.2611972327E-07    0.1096214564E-08    0.2717160416E+02    0.7857361317E+01   -0.1784399986E+01
    0.2384844144E-07    0.2611972327E-07    0.3288643580E-08    0.2452403784E+01   -0.8036365509E+00   -0.1283030510E+02
    0.2384844144E-07    0.2611972327E-07    0.5481072929E-08   -0.7172282934E+00   -0.4536191225E+00   -0.1439629912E+01
    0.2384844144E-07    0.2611972327E-07    0.7673501834E-08   -0.6676573753E+00   -0.1826741844E+00    0.4506810904E+00
    0.2384844144E-07    0.2611972327E-07    0.9865931183E-08    0.5733506680E+00    0.3244022727E+00   -0.4201023281E+00
    0.2611972327E-07    0.1135640137E-08    0.1096214564E-08    0.3226440847E+00    0.2595017672E+01   -0.9264912605E+00
    0.2611972327E-07    0.1135640137E-08    0.3288643580E-08    0.5672427416E+00    0.7287012935E+00   -0.6560035348E+00
    0.2611972327E-07    0.1135640137E-08    0.5481072929E-08    0.1110009432E+01   -0.3944107294E+01    0.1680892110E+01
    0.2611972327E-07    0.1135640137E-08    0.7673501834E-08   -0.4034979820E+01    0.1363374710E+01   -0.1020977497E+02
    0.2611972327E-07    0.1135640137E-08    0.9865931183E-08   -0.1448272038E+02    0.1624726105E+02   -0.1710767746E+02
    0.2611972327E-07    0.3406920523E-08    0.1096214564E-08   -0.1678926849E+02    0.3526728821E+02   -0.5300960541E+00
    0.2611972327E-07    0.3406920523E-08    0.3288643580E-08    0.7705969334E+01    0.3035688400E+02   -0.3316437244E+01
    0.2611972327E-07    0.3406920523E-08    0.5481072929E-08    0.8868000984E+01    0.4537040234E+01   -0.1563411713E+02
    0.2611972327E-07    0.3406920523E-08    0.7673501834E-08    0.1275982499E+01   -0.2425042152E+01   -0.2838827133E+01
    0.2611972327E-07    0.3406920523E-08    0.9865931183E-08   -0.2705859661E+01    0.2565945685E+00    0.5260370970E+00
    0.2611972327E-07    0.5678201020E-08    0.1096214564E-08   -0.2118480444E+01   -0.1203724980E+01   -0.7357380390E+00
    0.2611972327E-07    0.5678201020E-08    0.3288643580E-08    0.2169261426E+00    0.4151058197E-01   -0.9628081322E+00
    0.2611972327E-07    0.5678201020E-08    0.5481072929E-08    0.4308289886E+00    0.3029997647E+00    0.3675734401E+00
    0.2611972327E-07    0.5678201020E-08    0.7673501834E-08    0.2332439423E+01   -0.7162227482E-01   -0.8800414801E+00
    0.2611972327E-07    0.5678201020E-08    0.9865931183E-08   -0.1010598391E+00   -0.1551497936E+01    0.7036183029E-01
    0.2611972327E-07    0.7949481073E-08    0.1096214564E-08    0.7620436549E+00   -0.6120690107E+00   -0.2081866026E+01
    0.2611972327E-07    0.7949481073E-08    0.3288643580E-08   -0.3674267054E+01    0.4650979996E+01   -0.7981840611E+01
    0.2611972327E-07    0.7949481073E-08    0.5481072929E-08    0.1563584089E+01    0.3257218599E+01   -0.9459962845E+01
    0.2611972327E-07    0.7949481073E-08    0.7673501834E-08    0.1203510642E+01   -0.7501157522E+00   -0.1226466084E+02
    0.2611972327E-07    0.7949481073E-08    0.9865931183E-08    0.7897568345E+00   -0.7356524467E+00   -0.3758122444E+01
    0.2611972327E-07    0.1022076113E-07    0.1096214564E-08    0.9009228945E+00    0.3548265100E+00    0.1455587626E+01
    0.2611972327E-07    0.1022076113E-07    0.3288643580E-08   -0.2935603619E+01    0.5149189830E+00    0.2186867714E+01
    0.2611972327E-07    0.1022076113E-07    0.5481072929E-08   -0.5429638624E+00   -0.2814666748E+01   -0.3539298177E+00
    0.2611972327E-07    0.1022076113E-07    0.7673501834E-08    0.4173726737E+00    0.1982160658E+00   -0.8787527680E+00
    0.2611972327E-07    0.1022076113E-07    0.9865931183E-08    0.1476572394E+01   -0.5398555994E+00    0.6275660992E+00
    0.2611972327E-07    0.1249204207E-07    0.1096214564E-08    0.2271305323E+01    0.7475690246E+00   -0.9566892385E+00
    0.2611972327E-07    0.1249204207E-07    0.3288643580E-08    0.8353484273E+00   -0.1809790611E+01   -0.3970490098E+00
    0.2611972327E-07    0.1249204207E-07    0.5481072929E-08    0.1315279365E+01   -0.3373610973E+01   -0.1922007442E+01
    0.2611972327E-07    0.1249204207E-07    0.7673501834E-08   -0.1449259877E+01   -0.1353260398E+01   -0.3714021206E+01
    0.2611972327E-07    0.1249204207E-07    0.9865931183E-08   -0.2514941454E+01   -0.3757033825E+01   -0.1553762913E+01
    0.2611972327E-07    0.1476332212E-07    0.1096214564E-08    0.3563665450E+00   -0.2984441221E+00    0.6169487834E+00
    0.2611972327E-07    0.1476332212E-07    0.3288643580E-08    0.6234956980E+00   -0.1410869598E+01    0.3510218859E+00
    0.2611972327E-07    0.1476332212E-07    0.5481072929E-08    0.6020207405E+00   -0.2688782513E+00    0.2767993689E+01
    0.2611972327E-07    0.1476332212E-07    0.7673501834E-08    0.5663594007E+00   -0.2093968153E+01    0.1818742633E+01
    0.2611972327E-07    0.1476332212E-07    0.9865931183E-08   -0.2386590242E+01   -0.1897649169E+01   -0.1044687510E+01
    0.2611972327E-07    0.1703460129E-07    0.1096214564E-08   -0.8892634511E+00   -0.2781318426E+01    0.5304873586E+00
    0.2611972327E-07    0.1703460129E-07    0.3288643580E-08   -0.1071234345E+01    0.5725489259E+00    0.5686981678E+00
    0.2611972327E-07    0.1703460129E-07    0.5481072929E-08    0.7698193789E+00    0.1989662200E+00    0.1135205269E+01
    0.2611972327E-07    0.1703460129E-07    0.7673501834E-08    0.2242449760E+01   -0.9391859174E+00   -0.6193253994E+00
    0.2611972327E-07    0.1703460129E-07    0.9865931183E-08   -0.8521659374E+00   -0.1886288881E+01   -0.1299426794E+01
    0.2611972327E-07    0.1930588134E-07    0.1096214564E-08    0.3648757935E+00    0.5312016606E+00   -0.3245800436E+00
    0.2611972327E-07    0.1930588134E-07    0.3288643580E-08   -0.2220185250E+00   -0.2013382673E+01   -0.3578421831E+01
    0.2611972327E-07    0.1930588134E-07    0.5481072929E-08   -0.1743443012E+01    0.4735835493E+00   -0.3518131971E+01
    0.2611972327E-07    0.1930588134E-07    0.7673501834E-08   -0.1737074852E+01   -0.1573934674E+01   -0.2162433624E+01
    0.2611972327E-07    0.1930588134E-07    0.9865931183E-08   -0.1732576728E+01   -0.3819045067E+01   -0.5379003882E+00
    0.2611972327E-07    0.2157716139E-07    0.1096214564E-08    0.2487251163E+00   -0.3266459942E+01   -0.9234877676E-01
    0.2611972327E-07    0.2157716139E-07    0.3288643580E-08   -0.7217086554E+00   -0.1037997246E+01    0.1857096672E+01
    0.2611972327E-07    0.2157716139E-07    0.5481072929E-08   -0.6300656796E+00   -0.1648841500E+01   -0.2429273725E+00
    0.2611972327E-07    0.2157716139E-07    0.7673501834E-08   -0.5409796238E+00    0.1699972630E+01   -0.4476482570E+00
    0.2611972327E-07    0.2157716139E-07    0.9865931183E-08    0.9824880362E+00   -0.1385081649E+01   -0.7629356980E+00
    0.2611972327E-07    0.2384844144E-07    0.1096214564E-08    0.2709456384E+00   -0.1395754576E+01   -0.8832913637E-01
    0.2611972327E-07    0.2384844144E-07    0.3288643580E-08    0.4571768045E+00    0.1041712046E+01   -0.1246454358E+01
    0.2611972327E-07    0.2384844144E-07    0.5481072929E-08    0.2168786764E+01   -0.5748113990E+00   -0.2226125240E+01
    0.2611972327E-07    0.2384844144E-07    0.7673501834E-08    0.1119255543E+01   -0.4771711230E+00   -0.2075762272E+01
    0.2611972327E-07    0.2384844144E-07    0.9865931183E-08    0.2493160516E+00   -0.8012490869E+00   -0.1258596539E+01
    0.2611972327E-07    0.2611972327E-07    0.1096214564E-08    0.3021751642E+00   -0.1369925618E+01   -0.1776315451E+01
    0.2611972327E-07    0.2611972327E-07    0.3288643580E-08    0.1198458076E+01    0.2975693345E+00   -0.2413285971E+01
    0.2611972327E-07    0.2611972327E-07    0.5481072929E-08    0.2138578445E+00    0.2109606266E+01   -0.4425061643E+00
    0.2611972327E-07    0.2611972327E-07    0.7673501834E-08   -0.9054192901E+00   -0.1691960990E+00   -0.1653570652E+01
    0.2611972327E-07    0.2611972327E-07    0.9865931183E-08    0.7316109538E+00    0.3597583771E+00    0.1609082460E+01
