         1
         2
         5
         9
        10
        13
        17
        18
        21
        25
        26
        29
        33
        34
        37
        41
        42
        49
        50
        57
        58
        65
        66
        73
        74
        81
        82
        89
        90
        97
        98
       105
       106
       113
       114
       121
       122
       124
       128
       129
       130
       132
       136
       137
       138
       140
       144
       145
       146
       148
       152
       153
       154
       156
       160
       161
       165
       169
       173
       177
       181
       185
       189
       193
       197
       284
       288
       292
       296
       300
       304
       308
       312
       316
       320
       321
       325
       329
       333
       337
       341
       345
       349
       353
       357
       444
       448
       452
       456
       460
       464
       468
       472
       476
       480
       481
       485
       487
       488
       489
       493
       495
       496
       497
       501
       503
       504
       505
       509
       511
       512
       513
       517
       519
       520
       527
       528
       535
       536
       543
       544
       551
       552
       559
       560
       567
       568
       575
       576
       583
       584
       591
       592
       599
       600
       604
       607
       608
       612
       615
       616
       620
       623
       624
       628
       631
       632
       636
       639
       640
