  3.9950000e+003  2.0000000e+000
  1.9841000e+004  1.0000000e+000
  2.8001000e+004  1.0000000e+000
  2.8814000e+004  1.0000000e+000
  3.6168000e+004  1.0000000e+000
  4.3527000e+004  1.0000000e+000
  4.4162000e+004  1.0000000e+000
  6.8512000e+004  1.0000000e+000
  7.6648000e+004  1.0000000e+000
  8.5116000e+004  2.0000000e+000
  8.5277000e+004  2.0000000e+000
  9.9686000e+004  1.0000000e+000
  9.9688000e+004  1.0000000e+000
  1.0000800e+005  1.0000000e+000
  1.0001400e+005  1.0000000e+000
  1.0007100e+005  1.0000000e+000
  1.0015900e+005  2.0000000e+000
  1.0049400e+005  1.0000000e+000
  1.0768400e+005  1.0000000e+000
  1.0777600e+005  1.0000000e+000
  1.0825400e+005  2.0000000e+000
  1.0831500e+005  2.0000000e+000
  1.0869400e+005  1.0000000e+000
  1.0905000e+005  2.0000000e+000
  1.0959700e+005  2.0000000e+000
  1.1008000e+005  2.0000000e+000
  1.1023900e+005  2.0000000e+000
  1.1424400e+005  1.0000000e+000
  1.1473200e+005  1.0000000e+000
  1.1527600e+005  1.0000000e+000
  1.1560700e+005  2.0000000e+000
  1.1585600e+005  1.0000000e+000
  1.1585800e+005  1.0000000e+000
  1.1607000e+005  1.0000000e+000
  1.1608900e+005  2.0000000e+000
  1.1637300e+005  1.0000000e+000
  1.1701300e+005  1.0000000e+000
  1.1712500e+005  1.0000000e+000
  1.1743600e+005  2.0000000e+000
  1.1760600e+005  1.0000000e+000
  1.2224400e+005  1.0000000e+000
  1.2224600e+005  1.0000000e+000
  1.2240600e+005  1.0000000e+000
  1.2294900e+005  1.0000000e+000
  1.2304600e+005  1.0000000e+000
  1.2313200e+005  1.0000000e+000
  1.2325000e+005  1.0000000e+000
  1.2339500e+005  1.0000000e+000
  1.2346700e+005  1.0000000e+000
  1.2347500e+005  1.0000000e+000
  1.2359400e+005  2.0000000e+000
  1.2373500e+005  1.0000000e+000
  1.2383100e+005  2.0000000e+000
  1.2388600e+005  1.0000000e+000
  1.2389900e+005  1.0000000e+000
  1.2391800e+005  1.0000000e+000
  1.2401400e+005  1.0000000e+000
  1.2406800e+005  1.0000000e+000
  1.2409800e+005  1.0000000e+000
  1.2433100e+005  1.0000000e+000
  1.2442500e+005  2.0000000e+000
  1.2449000e+005  1.0000000e+000
  1.2451000e+005  1.0000000e+000
  1.2453600e+005  1.0000000e+000
  1.2465500e+005  1.0000000e+000
  1.2469400e+005  1.0000000e+000
  1.2488600e+005  1.0000000e+000
  1.2495100e+005  2.0000000e+000
  1.2576500e+005  1.0000000e+000
  1.2607600e+005  2.0000000e+000
  1.2623500e+005  2.0000000e+000
  1.2624000e+005  2.0000000e+000
  1.2960600e+005  1.0000000e+000
  1.3092600e+005  1.0000000e+000
  1.3093700e+005  1.0000000e+000
  1.3094700e+005  1.0000000e+000
  1.3124800e+005  1.0000000e+000
  1.3125600e+005  2.0000000e+000
  1.3142800e+005  1.0000000e+000
  1.3156700e+005  1.0000000e+000
  1.3156800e+005  1.0000000e+000
  1.3158400e+005  1.0000000e+000
  1.3160200e+005  2.0000000e+000
  1.3170100e+005  1.0000000e+000
  1.3184100e+005  1.0000000e+000
  1.3201800e+005  1.0000000e+000
  1.3205000e+005  1.0000000e+000
  1.3207600e+005  1.0000000e+000
  1.3212400e+005  2.0000000e+000
  1.3217000e+005  1.0000000e+000
  1.3225200e+005  2.0000000e+000
  1.3229700e+005  2.0000000e+000
  1.3234300e+005  1.0000000e+000
  1.3237900e+005  2.0000000e+000
  1.3243500e+005  2.0000000e+000
  1.3266500e+005  1.0000000e+000
  1.3274100e+005  2.0000000e+000
  1.3275800e+005  1.0000000e+000
  1.3285400e+005  1.0000000e+000
  1.3287200e+005  2.0000000e+000
  1.3291900e+005  1.0000000e+000
  1.3827900e+005  2.0000000e+000
  1.3880800e+005  1.0000000e+000
  1.3882300e+005  1.0000000e+000
  1.3889100e+005  1.0000000e+000
  1.3891300e+005  1.0000000e+000
  1.3904700e+005  1.0000000e+000
  1.3906800e+005  1.0000000e+000
  1.3909800e+005  1.0000000e+000
  1.3919400e+005  2.0000000e+000
  1.3924600e+005  1.0000000e+000
  1.3926500e+005  1.0000000e+000
  1.3939300e+005  1.0000000e+000
  1.3939600e+005  1.0000000e+000
  1.3944400e+005  1.0000000e+000
  1.3945000e+005  1.0000000e+000
  1.3954700e+005  1.0000000e+000
  1.3958900e+005  1.0000000e+000
  1.3959400e+005  1.0000000e+000
  1.3959500e+005  2.0000000e+000
  1.3959900e+005  1.0000000e+000
  1.3965100e+005  1.0000000e+000
  1.3965600e+005  2.0000000e+000
  1.3974200e+005  2.0000000e+000
  1.3974700e+005  1.0000000e+000
  1.3978000e+005  2.0000000e+000
  1.3978500e+005  2.0000000e+000
  1.3979300e+005  2.0000000e+000
  1.3986600e+005  1.0000000e+000
  1.3994700e+005  2.0000000e+000
  1.3998000e+005  2.0000000e+000
  1.3998200e+005  2.0000000e+000
  1.4001700e+005  1.0000000e+000
  1.4002300e+005  1.0000000e+000
  1.4004300e+005  1.0000000e+000
  1.4006100e+005  1.0000000e+000
  1.4007300e+005  1.0000000e+000
  1.4010500e+005  1.0000000e+000
  1.4015200e+005  2.0000000e+000
  1.4017500e+005  1.0000000e+000
  1.4031600e+005  2.0000000e+000
  1.4032200e+005  1.0000000e+000
  1.4040800e+005  1.0000000e+000
  1.4045500e+005  2.0000000e+000
  1.4051400e+005  1.0000000e+000
  1.4052200e+005  1.0000000e+000
  1.4052600e+005  1.0000000e+000
  1.4053900e+005  2.0000000e+000
  1.4067900e+005  1.0000000e+000
  1.4072800e+005  1.0000000e+000
  1.4079400e+005  2.0000000e+000
  1.4113500e+005  1.0000000e+000
  1.4125500e+005  1.0000000e+000
  1.4133100e+005  1.0000000e+000
  1.4133800e+005  1.0000000e+000
  1.4145000e+005  2.0000000e+000
  1.4673200e+005  1.0000000e+000
  1.4676800e+005  1.0000000e+000
  1.4690000e+005  1.0000000e+000
  1.4703600e+005  2.0000000e+000
  1.4712500e+005  2.0000000e+000
  1.4720200e+005  1.0000000e+000
  1.4736700e+005  1.0000000e+000
  1.4739400e+005  1.0000000e+000
  1.4742400e+005  1.0000000e+000
  1.4745800e+005  1.0000000e+000
  1.4746000e+005  1.0000000e+000
  1.4751500e+005  2.0000000e+000
  1.4752100e+005  1.0000000e+000
  1.4752400e+005  1.0000000e+000
  1.4754900e+005  1.0000000e+000
  1.4756100e+005  1.0000000e+000
  1.4765800e+005  2.0000000e+000
  1.4768700e+005  2.0000000e+000
  1.4776300e+005  1.0000000e+000
  1.4777600e+005  1.0000000e+000
  1.4790500e+005  1.0000000e+000
  1.4794900e+005  1.0000000e+000
  1.4796000e+005  2.0000000e+000
  1.4796500e+005  2.0000000e+000
  1.4798700e+005  2.0000000e+000
  1.4800300e+005  1.0000000e+000
  1.4801400e+005  1.0000000e+000
  1.4802700e+005  1.0000000e+000
  1.4804500e+005  1.0000000e+000
  1.4814300e+005  2.0000000e+000
  1.4815500e+005  2.0000000e+000
  1.4825500e+005  2.0000000e+000
  1.4832000e+005  2.0000000e+000
  1.4832600e+005  1.0000000e+000
  1.4839100e+005  1.0000000e+000
  1.4839900e+005  1.0000000e+000
  1.4840800e+005  1.0000000e+000
  1.4843300e+005  2.0000000e+000
  1.4848600e+005  1.0000000e+000
  1.4859300e+005  1.0000000e+000
  1.4871300e+005  1.0000000e+000
  1.4874000e+005  2.0000000e+000
  1.4884800e+005  1.0000000e+000
  1.4899100e+005  1.0000000e+000
  1.4900400e+005  1.0000000e+000
  1.4906000e+005  1.0000000e+000
  1.4911600e+005  2.0000000e+000
  1.4921800e+005  1.0000000e+000
  1.4925700e+005  2.0000000e+000
  1.4927700e+005  2.0000000e+000
  1.4928900e+005  1.0000000e+000
  1.4934900e+005  1.0000000e+000
  1.4936800e+005  1.0000000e+000
  1.4939600e+005  1.0000000e+000
  1.4948000e+005  1.0000000e+000
  1.4955700e+005  1.0000000e+000
  1.4963600e+005  1.0000000e+000
  1.4985400e+005  2.0000000e+000
  1.5024600e+005  1.0000000e+000
  1.5024700e+005  1.0000000e+000
  1.5039900e+005  2.0000000e+000
  1.5391400e+005  2.0000000e+000
  1.5407600e+005  2.0000000e+000
  1.5408000e+005  2.0000000e+000
  1.5410400e+005  1.0000000e+000
  1.5422700e+005  2.0000000e+000
  1.5423700e+005  2.0000000e+000
  1.5430900e+005  1.0000000e+000
  1.5443300e+005  1.0000000e+000
  1.5444000e+005  1.0000000e+000
  1.5463200e+005  1.0000000e+000
  1.5470300e+005  2.0000000e+000
  1.5473100e+005  1.0000000e+000
  1.5476300e+005  1.0000000e+000
  1.5487100e+005  2.0000000e+000
  1.5488500e+005  1.0000000e+000
  1.5493100e+005  1.0000000e+000
  1.5503400e+005  2.0000000e+000
  1.5509600e+005  1.0000000e+000
  1.5521500e+005  1.0000000e+000
  1.5522700e+005  1.0000000e+000
  1.5523400e+005  1.0000000e+000
  1.5525200e+005  1.0000000e+000
  1.5526600e+005  2.0000000e+000
  1.5533000e+005  2.0000000e+000
  1.5535400e+005  2.0000000e+000
  1.5535500e+005  2.0000000e+000
  1.5537200e+005  1.0000000e+000
  1.5540000e+005  1.0000000e+000
  1.5540500e+005  1.0000000e+000
  1.5543600e+005  1.0000000e+000
  1.5544700e+005  1.0000000e+000
  1.5550300e+005  1.0000000e+000
  1.5552500e+005  1.0000000e+000
  1.5552900e+005  1.0000000e+000
  1.5553400e+005  1.0000000e+000
  1.5554100e+005  1.0000000e+000
  1.5557900e+005  1.0000000e+000
  1.5559000e+005  1.0000000e+000
  1.5560700e+005  1.0000000e+000
  1.5565100e+005  2.0000000e+000
  1.5565600e+005  2.0000000e+000
  1.5569800e+005  1.0000000e+000
  1.5570300e+005  1.0000000e+000
  1.5570700e+005  1.0000000e+000
  1.5571200e+005  1.0000000e+000
  1.5575400e+005  1.0000000e+000
  1.5585400e+005  1.0000000e+000
  1.5588300e+005  1.0000000e+000
  1.5591900e+005  2.0000000e+000
  1.5598700e+005  2.0000000e+000
  1.5599000e+005  2.0000000e+000
  1.5600400e+005  1.0000000e+000
  1.5600700e+005  1.0000000e+000
  1.5603400e+005  1.0000000e+000
  1.5603900e+005  1.0000000e+000
  1.5605700e+005  1.0000000e+000
  1.5613500e+005  2.0000000e+000
  1.5614300e+005  2.0000000e+000
  1.5615000e+005  2.0000000e+000
  1.5623300e+005  1.0000000e+000
  1.5628300e+005  2.0000000e+000
  1.5630100e+005  2.0000000e+000
  1.5630400e+005  2.0000000e+000
  1.5632400e+005  1.0000000e+000
  1.5632700e+005  1.0000000e+000
  1.5635500e+005  1.0000000e+000
  1.5636200e+005  1.0000000e+000
  1.5643200e+005  1.0000000e+000
  1.5648600e+005  1.0000000e+000
  1.5649600e+005  1.0000000e+000
  1.5651400e+005  1.0000000e+000
  1.5651700e+005  1.0000000e+000
  1.5652500e+005  1.0000000e+000
  1.5664700e+005  1.0000000e+000
  1.5665400e+005  1.0000000e+000
  1.5670100e+005  1.0000000e+000
  1.5677200e+005  2.0000000e+000
  1.5679100e+005  1.0000000e+000
  1.5680600e+005  1.0000000e+000
  1.5681400e+005  1.0000000e+000
  1.5687200e+005  1.0000000e+000
  1.5692400e+005  2.0000000e+000
  1.5696700e+005  1.0000000e+000
  1.5700100e+005  1.0000000e+000
  1.5700500e+005  1.0000000e+000
  1.5701900e+005  1.0000000e+000
  1.5711400e+005  2.0000000e+000
  1.5711900e+005  2.0000000e+000
  1.5712700e+005  1.0000000e+000
  1.5717400e+005  1.0000000e+000
  1.5725000e+005  2.0000000e+000
  1.5737600e+005  1.0000000e+000
  1.5758200e+005  2.0000000e+000
  1.5824700e+005  1.0000000e+000
  1.5888900e+005  1.0000000e+000
  1.6144700e+005  1.0000000e+000
  1.6233900e+005  1.0000000e+000
  1.6238300e+005  2.0000000e+000
  1.6241200e+005  1.0000000e+000
  1.6256200e+005  1.0000000e+000
  1.6258400e+005  1.0000000e+000
  1.6264200e+005  1.0000000e+000
  1.6273400e+005  1.0000000e+000
  1.6273800e+005  1.0000000e+000
  1.6274400e+005  1.0000000e+000
  1.6275800e+005  1.0000000e+000
  1.6276000e+005  2.0000000e+000
  1.6276300e+005  1.0000000e+000
  1.6276800e+005  1.0000000e+000
  1.6283800e+005  2.0000000e+000
  1.6290000e+005  1.0000000e+000
  1.6290400e+005  1.0000000e+000
  1.6291900e+005  1.0000000e+000
  1.6294600e+005  1.0000000e+000
  1.6305300e+005  1.0000000e+000
  1.6305700e+005  1.0000000e+000
  1.6306600e+005  1.0000000e+000
  1.6307800e+005  1.0000000e+000
  1.6336100e+005  1.0000000e+000
  1.6336500e+005  1.0000000e+000
  1.6337600e+005  1.0000000e+000
  1.6338100e+005  1.0000000e+000
  1.6338800e+005  1.0000000e+000
  1.6340000e+005  1.0000000e+000
  1.6342000e+005  1.0000000e+000
  1.6342400e+005  1.0000000e+000
  1.6345700e+005  2.0000000e+000
  1.6352900e+005  1.0000000e+000
  1.6353200e+005  1.0000000e+000
  1.6353900e+005  1.0000000e+000
  1.6354900e+005  1.0000000e+000
  1.6356700e+005  1.0000000e+000
  1.6362200e+005  2.0000000e+000
  1.6363500e+005  2.0000000e+000
  1.6367200e+005  2.0000000e+000
  1.6368600e+005  1.0000000e+000
  1.6384300e+005  1.0000000e+000
  1.6385700e+005  1.0000000e+000
  1.6389000e+005  1.0000000e+000
  1.6392200e+005  1.0000000e+000
  1.6393100e+005  1.0000000e+000
  1.6396800e+005  1.0000000e+000
  1.6402700e+005  1.0000000e+000
  1.6404100e+005  1.0000000e+000
  1.6404900e+005  2.0000000e+000
  1.6407600e+005  1.0000000e+000
  1.6414900e+005  2.0000000e+000
  1.6416100e+005  1.0000000e+000
  1.6416600e+005  1.0000000e+000
  1.6417300e+005  1.0000000e+000
  1.6420400e+005  1.0000000e+000
  1.6421200e+005  1.0000000e+000
  1.6424000e+005  1.0000000e+000
  1.6428000e+005  2.0000000e+000
  1.6430400e+005  1.0000000e+000
  1.6431400e+005  2.0000000e+000
  1.6431700e+005  2.0000000e+000
  1.6432800e+005  1.0000000e+000
  1.6433900e+005  1.0000000e+000
  1.6435800e+005  1.0000000e+000
  1.6439900e+005  1.0000000e+000
  1.6440200e+005  1.0000000e+000
  1.6445100e+005  2.0000000e+000
  1.6448400e+005  1.0000000e+000
  1.6453500e+005  1.0000000e+000
  1.6454400e+005  1.0000000e+000
  1.6457500e+005  1.0000000e+000
  1.6459200e+005  2.0000000e+000
  1.6460900e+005  2.0000000e+000
  1.6465200e+005  1.0000000e+000
  1.6467800e+005  1.0000000e+000
  1.6468400e+005  1.0000000e+000
  1.6468800e+005  1.0000000e+000
  1.6483600e+005  2.0000000e+000
  1.6488600e+005  1.0000000e+000
  1.6489100e+005  1.0000000e+000
  1.6490000e+005  1.0000000e+000
  1.6499200e+005  1.0000000e+000
  1.6507300e+005  1.0000000e+000
  1.6511200e+005  2.0000000e+000
  1.6511700e+005  2.0000000e+000
  1.6530600e+005  1.0000000e+000
  1.6532400e+005  1.0000000e+000
  1.6561100e+005  1.0000000e+000
  1.6582900e+005  1.0000000e+000
  1.6599800e+005  1.0000000e+000
  1.7024200e+005  1.0000000e+000
  1.7044600e+005  1.0000000e+000
  1.7047900e+005  1.0000000e+000
  1.7057600e+005  1.0000000e+000
  1.7060300e+005  1.0000000e+000
  1.7061900e+005  2.0000000e+000
  1.7080000e+005  2.0000000e+000
  1.7080500e+005  1.0000000e+000
  1.7081500e+005  2.0000000e+000
  1.7084800e+005  2.0000000e+000
  1.7089100e+005  1.0000000e+000
  1.7091500e+005  1.0000000e+000
  1.7093500e+005  1.0000000e+000
  1.7094900e+005  1.0000000e+000
  1.7096500e+005  1.0000000e+000
  1.7101900e+005  2.0000000e+000
  1.7103400e+005  2.0000000e+000
  1.7106700e+005  1.0000000e+000
  1.7107600e+005  1.0000000e+000
  1.7110300e+005  1.0000000e+000
  1.7110700e+005  1.0000000e+000
  1.7116800e+005  2.0000000e+000
  1.7120600e+005  1.0000000e+000
  1.7120900e+005  1.0000000e+000
  1.7121400e+005  1.0000000e+000
  1.7122300e+005  1.0000000e+000
  1.7129100e+005  2.0000000e+000
  1.7134600e+005  2.0000000e+000
  1.7136700e+005  1.0000000e+000
  1.7137800e+005  1.0000000e+000
  1.7138100e+005  1.0000000e+000
  1.7138200e+005  1.0000000e+000
  1.7138700e+005  1.0000000e+000
  1.7139400e+005  1.0000000e+000
  1.7144500e+005  1.0000000e+000
  1.7144900e+005  1.0000000e+000
  1.7145100e+005  1.0000000e+000
  1.7152300e+005  1.0000000e+000
  1.7152700e+005  1.0000000e+000
  1.7153600e+005  1.0000000e+000
  1.7154200e+005  1.0000000e+000
  1.7155600e+005  1.0000000e+000
  1.7157400e+005  1.0000000e+000
  1.7159400e+005  1.0000000e+000
  1.7161200e+005  1.0000000e+000
  1.7163200e+005  2.0000000e+000
  1.7172600e+005  1.0000000e+000
  1.7177500e+005  2.0000000e+000
  1.7180800e+005  2.0000000e+000
  1.7185600e+005  1.0000000e+000
  1.7186900e+005  1.0000000e+000
  1.7187900e+005  1.0000000e+000
  1.7189600e+005  1.0000000e+000
  1.7189900e+005  1.0000000e+000
  1.7190200e+005  1.0000000e+000
  1.7191500e+005  2.0000000e+000
  1.7192900e+005  1.0000000e+000
  1.7194000e+005  2.0000000e+000
  1.7197900e+005  2.0000000e+000
  1.7198500e+005  2.0000000e+000
  1.7199500e+005  2.0000000e+000
  1.7201100e+005  1.0000000e+000
  1.7202500e+005  1.0000000e+000
  1.7204000e+005  1.0000000e+000
  1.7204400e+005  1.0000000e+000
  1.7207800e+005  1.0000000e+000
  1.7209700e+005  1.0000000e+000
  1.7212800e+005  2.0000000e+000
  1.7213000e+005  2.0000000e+000
  1.7216600e+005  1.0000000e+000
  1.7218300e+005  1.0000000e+000
  1.7219000e+005  1.0000000e+000
  1.7219100e+005  1.0000000e+000
  1.7219300e+005  1.0000000e+000
  1.7222300e+005  1.0000000e+000
  1.7226200e+005  1.0000000e+000
  1.7228200e+005  2.0000000e+000
  1.7233200e+005  1.0000000e+000
  1.7233300e+005  1.0000000e+000
  1.7237200e+005  1.0000000e+000
  1.7240300e+005  1.0000000e+000
  1.7247200e+005  2.0000000e+000
  1.7262600e+005  1.0000000e+000
  1.7263500e+005  2.0000000e+000
  1.7263800e+005  2.0000000e+000
  1.7265100e+005  1.0000000e+000
  1.7266500e+005  1.0000000e+000
  1.7270600e+005  1.0000000e+000
  1.7274700e+005  1.0000000e+000
  1.7277800e+005  2.0000000e+000
  1.7284200e+005  2.0000000e+000
  1.7293300e+005  2.0000000e+000
  1.7297000e+005  1.0000000e+000
  1.7303700e+005  1.0000000e+000
  1.7309300e+005  2.0000000e+000
  1.7309600e+005  2.0000000e+000
  1.7316700e+005  1.0000000e+000
  1.7317500e+005  1.0000000e+000
  1.7323400e+005  1.0000000e+000
  1.7328500e+005  1.0000000e+000
  1.7331100e+005  1.0000000e+000
  1.7333400e+005  1.0000000e+000
  1.7343400e+005  2.0000000e+000
  1.7345900e+005  1.0000000e+000
  1.7348300e+005  1.0000000e+000
  1.7370100e+005  2.0000000e+000
  1.7377500e+005  1.0000000e+000
  1.7393900e+005  1.0000000e+000
  1.7411900e+005  1.0000000e+000
  1.7648400e+005  1.0000000e+000
  1.7810800e+005  2.0000000e+000
  1.7820200e+005  2.0000000e+000
  1.7841600e+005  1.0000000e+000
  1.7858000e+005  1.0000000e+000
  1.7862800e+005  1.0000000e+000
  1.7873800e+005  1.0000000e+000
  1.7873900e+005  1.0000000e+000
  1.7880400e+005  1.0000000e+000
  1.7900200e+005  2.0000000e+000
  1.7903500e+005  2.0000000e+000
  1.7905300e+005  1.0000000e+000
  1.7906000e+005  1.0000000e+000
  1.7906500e+005  1.0000000e+000
  1.7907300e+005  1.0000000e+000
  1.7908200e+005  1.0000000e+000
  1.7912300e+005  2.0000000e+000
  1.7920200e+005  1.0000000e+000
  1.7920700e+005  1.0000000e+000
  1.7921600e+005  1.0000000e+000
  1.7922200e+005  1.0000000e+000
  1.7922700e+005  1.0000000e+000
  1.7922800e+005  1.0000000e+000
  1.7927800e+005  1.0000000e+000
  1.7929600e+005  1.0000000e+000
  1.7936100e+005  1.0000000e+000
  1.7937300e+005  1.0000000e+000
  1.7943800e+005  1.0000000e+000
  1.7946400e+005  2.0000000e+000
  1.7946900e+005  2.0000000e+000
  1.7947000e+005  2.0000000e+000
  1.7947900e+005  2.0000000e+000
  1.7949200e+005  2.0000000e+000
  1.7950000e+005  2.0000000e+000
  1.7953500e+005  1.0000000e+000
  1.7953900e+005  1.0000000e+000
  1.7954500e+005  1.0000000e+000
  1.7954800e+005  1.0000000e+000
  1.7955200e+005  1.0000000e+000
  1.7955300e+005  1.0000000e+000
  1.7956300e+005  1.0000000e+000
  1.7957300e+005  1.0000000e+000
  1.7959500e+005  1.0000000e+000
  1.7961200e+005  1.0000000e+000
  1.7967500e+005  2.0000000e+000
  1.7968600e+005  1.0000000e+000
  1.7969700e+005  1.0000000e+000
  1.7970400e+005  1.0000000e+000
  1.7970700e+005  1.0000000e+000
  1.7970900e+005  1.0000000e+000
  1.7971000e+005  1.0000000e+000
  1.7971300e+005  1.0000000e+000
  1.7971500e+005  1.0000000e+000
  1.7978000e+005  1.0000000e+000
  1.7978800e+005  1.0000000e+000
  1.7982200e+005  2.0000000e+000
  1.7982300e+005  1.0000000e+000
  1.7983300e+005  2.0000000e+000
  1.7985000e+005  1.0000000e+000
  1.7985700e+005  1.0000000e+000
  1.7986400e+005  1.0000000e+000
  1.7990000e+005  1.0000000e+000
  1.7992900e+005  1.0000000e+000
  1.7994400e+005  1.0000000e+000
  1.7998200e+005  2.0000000e+000
  1.7998600e+005  2.0000000e+000
  1.8000800e+005  1.0000000e+000
  1.8002900e+005  1.0000000e+000
  1.8003400e+005  1.0000000e+000
  1.8003600e+005  1.0000000e+000
  1.8003900e+005  1.0000000e+000
  1.8004200e+005  1.0000000e+000
  1.8004500e+005  1.0000000e+000
  1.8004900e+005  1.0000000e+000
  1.8005800e+005  1.0000000e+000
  1.8007700e+005  1.0000000e+000
  1.8007900e+005  1.0000000e+000
  1.8012900e+005  2.0000000e+000
  1.8016200e+005  1.0000000e+000
  1.8016700e+005  1.0000000e+000
  1.8016900e+005  1.0000000e+000
  1.8019400e+005  1.0000000e+000
  1.8019900e+005  1.0000000e+000
  1.8025700e+005  1.0000000e+000
  1.8026200e+005  1.0000000e+000
  1.8027800e+005  1.0000000e+000
  1.8029400e+005  2.0000000e+000
  1.8029900e+005  2.0000000e+000
  1.8031500e+005  2.0000000e+000
  1.8033200e+005  1.0000000e+000
  1.8036500e+005  1.0000000e+000
  1.8037200e+005  1.0000000e+000
  1.8041000e+005  1.0000000e+000
  1.8043900e+005  1.0000000e+000
  1.8048500e+005  1.0000000e+000
  1.8051600e+005  1.0000000e+000
  1.8053400e+005  1.0000000e+000
  1.8054800e+005  2.0000000e+000
  1.8055600e+005  2.0000000e+000
  1.8055800e+005  1.0000000e+000
  1.8064300e+005  1.0000000e+000
  1.8066900e+005  1.0000000e+000
  1.8067300e+005  1.0000000e+000
  1.8067500e+005  1.0000000e+000
  1.8068700e+005  1.0000000e+000
  1.8077700e+005  2.0000000e+000
  1.8078500e+005  2.0000000e+000
  1.8081700e+005  1.0000000e+000
  1.8083000e+005  1.0000000e+000
  1.8091100e+005  1.0000000e+000
  1.8092800e+005  2.0000000e+000
  1.8095100e+005  2.0000000e+000
  1.8101800e+005  1.0000000e+000
  1.8104200e+005  1.0000000e+000
  1.8106900e+005  1.0000000e+000
  1.8107500e+005  1.0000000e+000
  1.8111000e+005  2.0000000e+000
  1.8121000e+005  1.0000000e+000
  1.8126300e+005  2.0000000e+000
  1.8129000e+005  1.0000000e+000
  1.8132500e+005  1.0000000e+000
  1.8133700e+005  1.0000000e+000
  1.8134900e+005  1.0000000e+000
  1.8153700e+005  2.0000000e+000
  1.8165000e+005  1.0000000e+000
  1.8165500e+005  1.0000000e+000
  1.8178500e+005  1.0000000e+000
  1.8184500e+005  1.0000000e+000
  1.8240300e+005  1.0000000e+000
  1.8256300e+005  1.0000000e+000
  1.8258200e+005  1.0000000e+000
  1.8273500e+005  1.0000000e+000
  1.8288100e+005  1.0000000e+000
  1.8289600e+005  1.0000000e+000
  1.8464100e+005  1.0000000e+000
  1.8624500e+005  1.0000000e+000
  1.8635000e+005  1.0000000e+000
  1.8636300e+005  2.0000000e+000
  1.8658900e+005  1.0000000e+000
  1.8659100e+005  1.0000000e+000
  1.8660600e+005  1.0000000e+000
  1.8667000e+005  1.0000000e+000
  1.8669500e+005  1.0000000e+000
  1.8669600e+005  2.0000000e+000
  1.8672100e+005  1.0000000e+000
  1.8674000e+005  1.0000000e+000
  1.8681600e+005  2.0000000e+000
  1.8691000e+005  1.0000000e+000
  1.8697200e+005  1.0000000e+000
  1.8704200e+005  1.0000000e+000
  1.8704500e+005  1.0000000e+000
  1.8705400e+005  1.0000000e+000
  1.8707500e+005  1.0000000e+000
  1.8708300e+005  1.0000000e+000
  1.8708800e+005  1.0000000e+000
  1.8717400e+005  2.0000000e+000
  1.8721700e+005  1.0000000e+000
  1.8722500e+005  1.0000000e+000
  1.8726400e+005  1.0000000e+000
  1.8731300e+005  1.0000000e+000
  1.8732800e+005  2.0000000e+000
  1.8736300e+005  1.0000000e+000
  1.8736400e+005  1.0000000e+000
  1.8739100e+005  1.0000000e+000
  1.8744800e+005  1.0000000e+000
  1.8751400e+005  2.0000000e+000
  1.8752800e+005  1.0000000e+000
  1.8756000e+005  1.0000000e+000
  1.8762300e+005  2.0000000e+000
  1.8764800e+005  2.0000000e+000
  1.8765200e+005  2.0000000e+000
  1.8765500e+005  1.0000000e+000
  1.8767500e+005  2.0000000e+000
  1.8768600e+005  1.0000000e+000
  1.8769100e+005  1.0000000e+000
  1.8769500e+005  1.0000000e+000
  1.8771600e+005  1.0000000e+000
  1.8773000e+005  1.0000000e+000
  1.8774800e+005  1.0000000e+000
  1.8776500e+005  1.0000000e+000
  1.8776900e+005  1.0000000e+000
  1.8777500e+005  1.0000000e+000
  1.8777900e+005  2.0000000e+000
  1.8780400e+005  2.0000000e+000
  1.8784700e+005  1.0000000e+000
  1.8786600e+005  1.0000000e+000
  1.8786800e+005  1.0000000e+000
  1.8787600e+005  1.0000000e+000
  1.8787700e+005  1.0000000e+000
  1.8791300e+005  1.0000000e+000
  1.8793500e+005  1.0000000e+000
  1.8794900e+005  2.0000000e+000
  1.8798600e+005  2.0000000e+000
  1.8798900e+005  2.0000000e+000
  1.8799600e+005  2.0000000e+000
  1.8802200e+005  1.0000000e+000
  1.8804600e+005  1.0000000e+000
  1.8806600e+005  1.0000000e+000
  1.8807700e+005  1.0000000e+000
  1.8816300e+005  1.0000000e+000
  1.8817300e+005  1.0000000e+000
  1.8819000e+005  1.0000000e+000
  1.8822400e+005  1.0000000e+000
  1.8822500e+005  1.0000000e+000
  1.8824400e+005  1.0000000e+000
  1.8825300e+005  2.0000000e+000
  1.8828400e+005  2.0000000e+000
  1.8829400e+005  2.0000000e+000
  1.8830000e+005  1.0000000e+000
  1.8831700e+005  2.0000000e+000
  1.8831900e+005  1.0000000e+000
  1.8841800e+005  1.0000000e+000
  1.8850200e+005  1.0000000e+000
  1.8854600e+005  1.0000000e+000
  1.8855600e+005  1.0000000e+000
  1.8863200e+005  2.0000000e+000
  1.8868000e+005  1.0000000e+000
  1.8868600e+005  1.0000000e+000
  1.8875800e+005  2.0000000e+000
  1.8876700e+005  2.0000000e+000
  1.8877800e+005  2.0000000e+000
  1.8881100e+005  1.0000000e+000
  1.8883100e+005  1.0000000e+000
  1.8883600e+005  2.0000000e+000
  1.8885500e+005  1.0000000e+000
  1.8894600e+005  2.0000000e+000
  1.8897400e+005  1.0000000e+000
  1.8900900e+005  1.0000000e+000
  1.8904400e+005  1.0000000e+000
  1.8906900e+005  2.0000000e+000
  1.8913300e+005  1.0000000e+000
  1.8916600e+005  1.0000000e+000
  1.8916700e+005  1.0000000e+000
  1.8918800e+005  1.0000000e+000
  1.8925000e+005  2.0000000e+000
  1.8927500e+005  2.0000000e+000
  1.8928000e+005  2.0000000e+000
  1.8931800e+005  1.0000000e+000
  1.8933000e+005  1.0000000e+000
  1.8937400e+005  1.0000000e+000
  1.8940000e+005  2.0000000e+000
  1.8950100e+005  1.0000000e+000
  1.8957700e+005  2.0000000e+000
  1.8960100e+005  1.0000000e+000
  1.8960400e+005  1.0000000e+000
  1.8965900e+005  1.0000000e+000
  1.8968300e+005  1.0000000e+000
  1.8995000e+005  2.0000000e+000
  1.9072500e+005  1.0000000e+000
  1.9088100e+005  1.0000000e+000
  1.9360000e+005  2.0000000e+000
  1.9441600e+005  1.0000000e+000
  1.9442200e+005  1.0000000e+000
  1.9443000e+005  1.0000000e+000
  1.9449100e+005  2.0000000e+000
  1.9459800e+005  1.0000000e+000
  1.9470100e+005  1.0000000e+000
  1.9473600e+005  1.0000000e+000
  1.9477000e+005  1.0000000e+000
  1.9479200e+005  2.0000000e+000
  1.9484300e+005  2.0000000e+000
  1.9489600e+005  1.0000000e+000
  1.9490000e+005  1.0000000e+000
  1.9490600e+005  1.0000000e+000
  1.9491100e+005  1.0000000e+000
  1.9491600e+005  1.0000000e+000
  1.9492200e+005  1.0000000e+000
  1.9494200e+005  2.0000000e+000
  1.9496500e+005  2.0000000e+000
  1.9503500e+005  2.0000000e+000
  1.9503800e+005  2.0000000e+000
  1.9503900e+005  2.0000000e+000
  1.9506300e+005  1.0000000e+000
  1.9506500e+005  1.0000000e+000
  1.9508000e+005  1.0000000e+000
  1.9509600e+005  1.0000000e+000
  1.9510400e+005  1.0000000e+000
  1.9516200e+005  1.0000000e+000
  1.9520200e+005  1.0000000e+000
  1.9520300e+005  1.0000000e+000
  1.9522400e+005  1.0000000e+000
  1.9524700e+005  1.0000000e+000
  1.9525500e+005  1.0000000e+000
  1.9536000e+005  2.0000000e+000
  1.9536100e+005  1.0000000e+000
  1.9536900e+005  1.0000000e+000
  1.9541200e+005  1.0000000e+000
  1.9546800e+005  1.0000000e+000
  1.9546900e+005  2.0000000e+000
  1.9549000e+005  2.0000000e+000
  1.9552100e+005  1.0000000e+000
  1.9554000e+005  1.0000000e+000
  1.9554200e+005  1.0000000e+000
  1.9554700e+005  1.0000000e+000
  1.9555200e+005  1.0000000e+000
  1.9556900e+005  1.0000000e+000
  1.9557100e+005  1.0000000e+000
  1.9558300e+005  1.0000000e+000
  1.9563900e+005  2.0000000e+000
  1.9566300e+005  2.0000000e+000
  1.9568100e+005  1.0000000e+000
  1.9568400e+005  1.0000000e+000
  1.9568700e+005  1.0000000e+000
  1.9571200e+005  1.0000000e+000
  1.9571400e+005  1.0000000e+000
  1.9571500e+005  1.0000000e+000
  1.9572000e+005  1.0000000e+000
  1.9573200e+005  1.0000000e+000
  1.9573600e+005  1.0000000e+000
  1.9578800e+005  2.0000000e+000
  1.9585100e+005  1.0000000e+000
  1.9586700e+005  1.0000000e+000
  1.9586900e+005  1.0000000e+000
  1.9588000e+005  1.0000000e+000
  1.9590600e+005  1.0000000e+000
  1.9591000e+005  1.0000000e+000
  1.9597000e+005  2.0000000e+000
  1.9599500e+005  2.0000000e+000
  1.9599800e+005  2.0000000e+000
  1.9600200e+005  1.0000000e+000
  1.9600300e+005  1.0000000e+000
  1.9600700e+005  1.0000000e+000
  1.9600800e+005  1.0000000e+000
  1.9602100e+005  1.0000000e+000
  1.9604700e+005  1.0000000e+000
  1.9605400e+005  1.0000000e+000
  1.9605600e+005  1.0000000e+000
  1.9617300e+005  1.0000000e+000
  1.9621300e+005  1.0000000e+000
  1.9623100e+005  2.0000000e+000
  1.9627200e+005  2.0000000e+000
  1.9631100e+005  2.0000000e+000
  1.9632700e+005  1.0000000e+000
  1.9632900e+005  1.0000000e+000
  1.9633900e+005  1.0000000e+000
  1.9635000e+005  1.0000000e+000
  1.9635100e+005  1.0000000e+000
  1.9635700e+005  1.0000000e+000
  1.9638100e+005  1.0000000e+000
  1.9643300e+005  1.0000000e+000
  1.9643900e+005  1.0000000e+000
  1.9645800e+005  2.0000000e+000
  1.9647000e+005  2.0000000e+000
  1.9647500e+005  2.0000000e+000
  1.9651700e+005  1.0000000e+000
  1.9652000e+005  1.0000000e+000
  1.9659100e+005  1.0000000e+000
  1.9664000e+005  2.0000000e+000
  1.9664500e+005  1.0000000e+000
  1.9670000e+005  1.0000000e+000
  1.9673600e+005  1.0000000e+000
  1.9673800e+005  1.0000000e+000
  1.9686700e+005  1.0000000e+000
  1.9692100e+005  2.0000000e+000
  1.9707100e+005  1.0000000e+000
  1.9707200e+005  1.0000000e+000
  1.9715300e+005  1.0000000e+000
  1.9716900e+005  1.0000000e+000
  1.9717800e+005  1.0000000e+000
  1.9719500e+005  1.0000000e+000
  1.9727500e+005  2.0000000e+000
  1.9744200e+005  1.0000000e+000
  1.9746400e+005  1.0000000e+000
  1.9749300e+005  2.0000000e+000
  1.9784000e+005  2.0000000e+000
  1.9888600e+005  1.0000000e+000
  2.0175500e+005  2.0000000e+000
  2.0191500e+005  2.0000000e+000
  2.0209700e+005  2.0000000e+000
  2.0210400e+005  1.0000000e+000
  2.0214300e+005  1.0000000e+000
  2.0224300e+005  1.0000000e+000
  2.0225500e+005  1.0000000e+000
  2.0228000e+005  1.0000000e+000
  2.0238800e+005  2.0000000e+000
  2.0240100e+005  1.0000000e+000
  2.0241700e+005  1.0000000e+000
  2.0242700e+005  1.0000000e+000
  2.0243600e+005  1.0000000e+000
  2.0256800e+005  1.0000000e+000
  2.0261100e+005  1.0000000e+000
  2.0263600e+005  1.0000000e+000
  2.0265000e+005  1.0000000e+000
  2.0265800e+005  2.0000000e+000
  2.0272100e+005  1.0000000e+000
  2.0272300e+005  1.0000000e+000
  2.0272700e+005  1.0000000e+000
  2.0274800e+005  1.0000000e+000
  2.0277700e+005  1.0000000e+000
  2.0288400e+005  1.0000000e+000
  2.0290200e+005  1.0000000e+000
  2.0293200e+005  1.0000000e+000
  2.0293600e+005  1.0000000e+000
  2.0303700e+005  2.0000000e+000
  2.0305800e+005  1.0000000e+000
  2.0306100e+005  1.0000000e+000
  2.0307500e+005  1.0000000e+000
  2.0320500e+005  1.0000000e+000
  2.0320700e+005  1.0000000e+000
  2.0326500e+005  1.0000000e+000
  2.0331000e+005  1.0000000e+000
  2.0336100e+005  1.0000000e+000
  2.0337200e+005  1.0000000e+000
  2.0337700e+005  1.0000000e+000
  2.0340000e+005  1.0000000e+000
  2.0340300e+005  1.0000000e+000
  2.0343100e+005  1.0000000e+000
  2.0344900e+005  2.0000000e+000
  2.0347000e+005  1.0000000e+000
  2.0352500e+005  1.0000000e+000
  2.0353900e+005  1.0000000e+000
  2.0355900e+005  1.0000000e+000
  2.0359100e+005  1.0000000e+000
  2.0359400e+005  2.0000000e+000
  2.0364800e+005  2.0000000e+000
  2.0366600e+005  2.0000000e+000
  2.0368300e+005  1.0000000e+000
  2.0369800e+005  1.0000000e+000
  2.0372900e+005  1.0000000e+000
  2.0375200e+005  1.0000000e+000
  2.0377100e+005  1.0000000e+000
  2.0378300e+005  1.0000000e+000
  2.0380900e+005  1.0000000e+000
  2.0384700e+005  1.0000000e+000
  2.0385200e+005  1.0000000e+000
  2.0385300e+005  1.0000000e+000
  2.0385500e+005  1.0000000e+000
  2.0387300e+005  1.0000000e+000
  2.0388100e+005  1.0000000e+000
  2.0390700e+005  2.0000000e+000
  2.0390900e+005  1.0000000e+000
  2.0395100e+005  2.0000000e+000
  2.0396300e+005  2.0000000e+000
  2.0399900e+005  2.0000000e+000
  2.0400900e+005  1.0000000e+000
  2.0401300e+005  1.0000000e+000
  2.0401400e+005  1.0000000e+000
  2.0402200e+005  1.0000000e+000
  2.0402900e+005  1.0000000e+000
  2.0404100e+005  1.0000000e+000
  2.0412200e+005  2.0000000e+000
  2.0413600e+005  1.0000000e+000
  2.0418300e+005  1.0000000e+000
  2.0419100e+005  1.0000000e+000
  2.0420000e+005  1.0000000e+000
  2.0421900e+005  1.0000000e+000
  2.0426300e+005  1.0000000e+000
  2.0427200e+005  1.0000000e+000
  2.0427600e+005  2.0000000e+000
  2.0429800e+005  2.0000000e+000
  2.0430900e+005  2.0000000e+000
  2.0432600e+005  1.0000000e+000
  2.0435900e+005  1.0000000e+000
  2.0436900e+005  1.0000000e+000
  2.0439100e+005  1.0000000e+000
  2.0440500e+005  1.0000000e+000
  2.0440600e+005  1.0000000e+000
  2.0447500e+005  2.0000000e+000
  2.0453500e+005  1.0000000e+000
  2.0453800e+005  1.0000000e+000
  2.0454600e+005  1.0000000e+000
  2.0458200e+005  1.0000000e+000
  2.0459700e+005  2.0000000e+000
  2.0464500e+005  1.0000000e+000
  2.0465000e+005  1.0000000e+000
  2.0465300e+005  1.0000000e+000
  2.0467300e+005  1.0000000e+000
  2.0468600e+005  1.0000000e+000
  2.0469300e+005  1.0000000e+000
  2.0470500e+005  1.0000000e+000
  2.0471100e+005  1.0000000e+000
  2.0471200e+005  1.0000000e+000
  2.0474500e+005  1.0000000e+000
  2.0477500e+005  2.0000000e+000
  2.0478500e+005  1.0000000e+000
  2.0479500e+005  2.0000000e+000
  2.0481800e+005  1.0000000e+000
  2.0483000e+005  1.0000000e+000
  2.0485000e+005  1.0000000e+000
  2.0490700e+005  1.0000000e+000
  2.0493400e+005  2.0000000e+000
  2.0494800e+005  2.0000000e+000
  2.0496000e+005  2.0000000e+000
  2.0499800e+005  1.0000000e+000
  2.0500300e+005  1.0000000e+000
  2.0506700e+005  1.0000000e+000
  2.0512100e+005  1.0000000e+000
  2.0512700e+005  1.0000000e+000
  2.0516500e+005  1.0000000e+000
  2.0522100e+005  2.0000000e+000
  2.0524200e+005  2.0000000e+000
  2.0525000e+005  1.0000000e+000
  2.0527500e+005  2.0000000e+000
  2.0538900e+005  2.0000000e+000
  2.0550100e+005  1.0000000e+000
  2.0550400e+005  1.0000000e+000
  2.0554800e+005  1.0000000e+000
  2.0563700e+005  1.0000000e+000
  2.0567000e+005  1.0000000e+000
  2.0582400e+005  1.0000000e+000
  2.0720500e+005  1.0000000e+000
  2.0961800e+005  1.0000000e+000
  2.0976700e+005  1.0000000e+000
  2.1008300e+005  1.0000000e+000
  2.1008400e+005  1.0000000e+000
  2.1023400e+005  2.0000000e+000
  2.1023500e+005  2.0000000e+000
  2.1030100e+005  2.0000000e+000
  2.1035200e+005  1.0000000e+000
  2.1040900e+005  1.0000000e+000
  2.1048700e+005  1.0000000e+000
  2.1054500e+005  1.0000000e+000
  2.1056100e+005  1.0000000e+000
  2.1056200e+005  1.0000000e+000
  2.1056600e+005  1.0000000e+000
  2.1056700e+005  1.0000000e+000
  2.1057000e+005  1.0000000e+000
  2.1057600e+005  1.0000000e+000
  2.1062300e+005  1.0000000e+000
  2.1062800e+005  1.0000000e+000
  2.1064900e+005  1.0000000e+000
  2.1072100e+005  1.0000000e+000
  2.1075900e+005  1.0000000e+000
  2.1077200e+005  1.0000000e+000
  2.1079200e+005  1.0000000e+000
  2.1088100e+005  1.0000000e+000
  2.1088300e+005  1.0000000e+000
  2.1088900e+005  1.0000000e+000
  2.1090600e+005  1.0000000e+000
  2.1092300e+005  1.0000000e+000
  2.1104100e+005  1.0000000e+000
  2.1105600e+005  1.0000000e+000
  2.1108600e+005  1.0000000e+000
  2.1110800e+005  1.0000000e+000
  2.1115200e+005  1.0000000e+000
  2.1117700e+005  2.0000000e+000
  2.1122300e+005  1.0000000e+000
  2.1125500e+005  1.0000000e+000
  2.1126800e+005  1.0000000e+000
  2.1126900e+005  1.0000000e+000
  2.1127400e+005  1.0000000e+000
  2.1130200e+005  2.0000000e+000
  2.1137900e+005  1.0000000e+000
  2.1139300e+005  1.0000000e+000
  2.1139900e+005  1.0000000e+000
  2.1140900e+005  1.0000000e+000
  2.1144500e+005  1.0000000e+000
  2.1145100e+005  1.0000000e+000
  2.1149200e+005  2.0000000e+000
  2.1151500e+005  2.0000000e+000
  2.1152400e+005  1.0000000e+000
  2.1153100e+005  1.0000000e+000
  2.1154200e+005  1.0000000e+000
  2.1154700e+005  1.0000000e+000
  2.1154800e+005  1.0000000e+000
  2.1155100e+005  1.0000000e+000
  2.1156000e+005  1.0000000e+000
  2.1156100e+005  2.0000000e+000
  2.1156400e+005  1.0000000e+000
  2.1156800e+005  1.0000000e+000
  2.1161800e+005  1.0000000e+000
  2.1165100e+005  2.0000000e+000
  2.1168300e+005  1.0000000e+000
  2.1168800e+005  1.0000000e+000
  2.1169300e+005  1.0000000e+000
  2.1169400e+005  1.0000000e+000
  2.1169500e+005  1.0000000e+000
  2.1170200e+005  1.0000000e+000
  2.1170400e+005  1.0000000e+000
  2.1177500e+005  1.0000000e+000
  2.1180300e+005  2.0000000e+000
  2.1182300e+005  2.0000000e+000
  2.1182700e+005  2.0000000e+000
  2.1183400e+005  2.0000000e+000
  2.1184300e+005  1.0000000e+000
  2.1184500e+005  1.0000000e+000
  2.1184600e+005  1.0000000e+000
  2.1185200e+005  1.0000000e+000
  2.1187800e+005  1.0000000e+000
  2.1193700e+005  1.0000000e+000
  2.1195700e+005  2.0000000e+000
  2.1196100e+005  2.0000000e+000
  2.1196200e+005  2.0000000e+000
  2.1198100e+005  2.0000000e+000
  2.1198700e+005  2.0000000e+000
  2.1198900e+005  2.0000000e+000
  2.1199200e+005  2.0000000e+000
  2.1199900e+005  2.0000000e+000
  2.1200000e+005  2.0000000e+000
  2.1200400e+005  1.0000000e+000
  2.1200800e+005  1.0000000e+000
  2.1201100e+005  1.0000000e+000
  2.1201500e+005  1.0000000e+000
  2.1201900e+005  1.0000000e+000
  2.1202300e+005  1.0000000e+000
  2.1204000e+005  1.0000000e+000
  2.1206300e+005  1.0000000e+000
  2.1207000e+005  1.0000000e+000
  2.1212200e+005  2.0000000e+000
  2.1216400e+005  1.0000000e+000
  2.1217900e+005  1.0000000e+000
  2.1218500e+005  1.0000000e+000
  2.1219000e+005  1.0000000e+000
  2.1219700e+005  1.0000000e+000
  2.1221400e+005  1.0000000e+000
  2.1221800e+005  1.0000000e+000
  2.1229100e+005  2.0000000e+000
  2.1230400e+005  2.0000000e+000
  2.1231900e+005  2.0000000e+000
  2.1237800e+005  1.0000000e+000
  2.1240000e+005  1.0000000e+000
  2.1242000e+005  2.0000000e+000
  2.1245000e+005  2.0000000e+000
  2.1246200e+005  2.0000000e+000
  2.1251700e+005  1.0000000e+000
  2.1251900e+005  1.0000000e+000
  2.1252000e+005  1.0000000e+000
  2.1254200e+005  1.0000000e+000
  2.1254500e+005  1.0000000e+000
  2.1254800e+005  1.0000000e+000
  2.1255000e+005  1.0000000e+000
  2.1256200e+005  2.0000000e+000
  2.1257300e+005  2.0000000e+000
  2.1258300e+005  1.0000000e+000
  2.1259800e+005  1.0000000e+000
  2.1264500e+005  1.0000000e+000
  2.1270400e+005  1.0000000e+000
  2.1270800e+005  1.0000000e+000
  2.1272200e+005  1.0000000e+000
  2.1273200e+005  1.0000000e+000
  2.1273300e+005  1.0000000e+000
  2.1278200e+005  2.0000000e+000
  2.1279600e+005  2.0000000e+000
  2.1280200e+005  1.0000000e+000
  2.1292900e+005  2.0000000e+000
  2.1298300e+005  1.0000000e+000
  2.1300800e+005  1.0000000e+000
  2.1304500e+005  1.0000000e+000
  2.1305900e+005  1.0000000e+000
  2.1315300e+005  1.0000000e+000
  2.1315700e+005  1.0000000e+000
  2.1323700e+005  2.0000000e+000
  2.1330400e+005  1.0000000e+000
  2.1333800e+005  1.0000000e+000
  2.1338400e+005  2.0000000e+000
  2.1353900e+005  2.0000000e+000
  2.1372700e+005  2.0000000e+000
  2.1383100e+005  1.0000000e+000
  2.1399900e+005  2.0000000e+000
  2.1407800e+005  2.0000000e+000
  2.1776400e+005  1.0000000e+000
  2.1808100e+005  1.0000000e+000
  2.1809200e+005  1.0000000e+000
  2.1811100e+005  1.0000000e+000
  2.1821800e+005  2.0000000e+000
  2.1822500e+005  2.0000000e+000
  2.1824300e+005  1.0000000e+000
  2.1828000e+005  1.0000000e+000
  2.1829800e+005  1.0000000e+000
  2.1851700e+005  2.0000000e+000
  2.1851800e+005  2.0000000e+000
  2.1859500e+005  1.0000000e+000
  2.1865600e+005  1.0000000e+000
  2.1867600e+005  2.0000000e+000
  2.1872600e+005  1.0000000e+000
  2.1873400e+005  1.0000000e+000
  2.1873900e+005  1.0000000e+000
  2.1876600e+005  1.0000000e+000
  2.1891800e+005  1.0000000e+000
  2.1894200e+005  1.0000000e+000
  2.1896600e+005  1.0000000e+000
  2.1898100e+005  1.0000000e+000
  2.1899500e+005  2.0000000e+000
  2.1903300e+005  2.0000000e+000
  2.1908300e+005  1.0000000e+000
  2.1917100e+005  2.0000000e+000
  2.1919100e+005  2.0000000e+000
  2.1919500e+005  2.0000000e+000
  2.1920800e+005  1.0000000e+000
  2.1920900e+005  1.0000000e+000
  2.1922700e+005  1.0000000e+000
  2.1925700e+005  2.0000000e+000
  2.1926200e+005  1.0000000e+000
  2.1930800e+005  1.0000000e+000
  2.1933000e+005  2.0000000e+000
  2.1936000e+005  2.0000000e+000
  2.1938600e+005  1.0000000e+000
  2.1941600e+005  1.0000000e+000
  2.1944400e+005  2.0000000e+000
  2.1945400e+005  1.0000000e+000
  2.1949100e+005  1.0000000e+000
  2.1951000e+005  2.0000000e+000
  2.1952100e+005  1.0000000e+000
  2.1952200e+005  1.0000000e+000
  2.1958900e+005  1.0000000e+000
  2.1962100e+005  2.0000000e+000
  2.1963300e+005  1.0000000e+000
  2.1966200e+005  2.0000000e+000
  2.1967800e+005  2.0000000e+000
  2.1968100e+005  1.0000000e+000
  2.1968900e+005  1.0000000e+000
  2.1969000e+005  1.0000000e+000
  2.1969200e+005  1.0000000e+000
  2.1969300e+005  1.0000000e+000
  2.1971200e+005  1.0000000e+000
  2.1971700e+005  1.0000000e+000
  2.1972100e+005  1.0000000e+000
  2.1972700e+005  1.0000000e+000
  2.1973200e+005  1.0000000e+000
  2.1973600e+005  2.0000000e+000
  2.1974300e+005  1.0000000e+000
  2.1975200e+005  1.0000000e+000
  2.1976300e+005  1.0000000e+000
  2.1976600e+005  2.0000000e+000
  2.1977000e+005  1.0000000e+000
  2.1983400e+005  2.0000000e+000
  2.1983600e+005  2.0000000e+000
  2.1983700e+005  2.0000000e+000
  2.1984700e+005  1.0000000e+000
  2.1986900e+005  1.0000000e+000
  2.1987600e+005  1.0000000e+000
  2.1991100e+005  1.0000000e+000
  2.1997000e+005  2.0000000e+000
  2.2000000e+005  2.0000000e+000
  2.2001200e+005  1.0000000e+000
  2.2001700e+005  1.0000000e+000
  2.2005700e+005  1.0000000e+000
  2.2007000e+005  1.0000000e+000
  2.2011300e+005  1.0000000e+000
  2.2018200e+005  1.0000000e+000
  2.2018300e+005  1.0000000e+000
  2.2019300e+005  1.0000000e+000
  2.2019700e+005  1.0000000e+000
  2.2019900e+005  1.0000000e+000
  2.2022100e+005  2.0000000e+000
  2.2023300e+005  2.0000000e+000
  2.2024800e+005  1.0000000e+000
  2.2026300e+005  2.0000000e+000
  2.2027100e+005  1.0000000e+000
  2.2027900e+005  2.0000000e+000
  2.2028000e+005  2.0000000e+000
  2.2031700e+005  2.0000000e+000
  2.2032100e+005  1.0000000e+000
  2.2032800e+005  1.0000000e+000
  2.2037400e+005  1.0000000e+000
  2.2038500e+005  1.0000000e+000
  2.2043400e+005  1.0000000e+000
  2.2043500e+005  2.0000000e+000
  2.2044200e+005  2.0000000e+000
  2.2045300e+005  2.0000000e+000
  2.2054600e+005  1.0000000e+000
  2.2059300e+005  1.0000000e+000
  2.2060100e+005  2.0000000e+000
  2.2061300e+005  2.0000000e+000
  2.2061700e+005  2.0000000e+000
  2.2062800e+005  2.0000000e+000
  2.2063400e+005  2.0000000e+000
  2.2065300e+005  1.0000000e+000
  2.2065900e+005  1.0000000e+000
  2.2068100e+005  1.0000000e+000
  2.2073200e+005  1.0000000e+000
  2.2074200e+005  2.0000000e+000
  2.2074600e+005  1.0000000e+000
  2.2078800e+005  2.0000000e+000
  2.2078900e+005  2.0000000e+000
  2.2079600e+005  1.0000000e+000
  2.2080900e+005  1.0000000e+000
  2.2081400e+005  1.0000000e+000
  2.2083600e+005  1.0000000e+000
  2.2084900e+005  2.0000000e+000
  2.2092100e+005  2.0000000e+000
  2.2096400e+005  1.0000000e+000
  2.2100100e+005  1.0000000e+000
  2.2105100e+005  2.0000000e+000
  2.2109700e+005  2.0000000e+000
  2.2112600e+005  1.0000000e+000
  2.2112900e+005  1.0000000e+000
  2.2113000e+005  1.0000000e+000
  2.2114900e+005  1.0000000e+000
  2.2115500e+005  1.0000000e+000
  2.2133100e+005  1.0000000e+000
  2.2133200e+005  2.0000000e+000
  2.2134200e+005  1.0000000e+000
  2.2139700e+005  2.0000000e+000
  2.2141300e+005  2.0000000e+000
  2.2151000e+005  1.0000000e+000
  2.2152200e+005  1.0000000e+000
  2.2161900e+005  1.0000000e+000
  2.2162200e+005  1.0000000e+000
  2.2165700e+005  1.0000000e+000
  2.2255400e+005  2.0000000e+000
  2.2528400e+005  1.0000000e+000
  2.2576800e+005  1.0000000e+000
  2.2609200e+005  1.0000000e+000
  2.2609300e+005  1.0000000e+000
  2.2610400e+005  1.0000000e+000
  2.2628100e+005  1.0000000e+000
  2.2641400e+005  1.0000000e+000
  2.2647100e+005  1.0000000e+000
  2.2656100e+005  1.0000000e+000
  2.2656300e+005  1.0000000e+000
  2.2662300e+005  1.0000000e+000
  2.2672600e+005  1.0000000e+000
  2.2675000e+005  1.0000000e+000
  2.2688500e+005  1.0000000e+000
  2.2692700e+005  1.0000000e+000
  2.2704100e+005  1.0000000e+000
  2.2706900e+005  1.0000000e+000
  2.2709200e+005  1.0000000e+000
  2.2716100e+005  1.0000000e+000
  2.2718700e+005  2.0000000e+000
  2.2720300e+005  1.0000000e+000
  2.2720700e+005  1.0000000e+000
  2.2721100e+005  1.0000000e+000
  2.2721200e+005  1.0000000e+000
  2.2721400e+005  1.0000000e+000
  2.2722000e+005  1.0000000e+000
  2.2728700e+005  2.0000000e+000
  2.2729000e+005  2.0000000e+000
  2.2734000e+005  2.0000000e+000
  2.2736100e+005  1.0000000e+000
  2.2736600e+005  1.0000000e+000
  2.2741000e+005  1.0000000e+000
  2.2742000e+005  1.0000000e+000
  2.2748600e+005  1.0000000e+000
  2.2750900e+005  2.0000000e+000
  2.2751500e+005  2.0000000e+000
  2.2752700e+005  1.0000000e+000
  2.2753200e+005  1.0000000e+000
  2.2754300e+005  1.0000000e+000
  2.2754600e+005  1.0000000e+000
  2.2757600e+005  1.0000000e+000
  2.2758800e+005  2.0000000e+000
  2.2763000e+005  2.0000000e+000
  2.2763100e+005  2.0000000e+000
  2.2768000e+005  2.0000000e+000
  2.2768300e+005  1.0000000e+000
  2.2768400e+005  1.0000000e+000
  2.2768600e+005  1.0000000e+000
  2.2771100e+005  1.0000000e+000
  2.2779600e+005  1.0000000e+000
  2.2780400e+005  2.0000000e+000
  2.2780900e+005  2.0000000e+000
  2.2784100e+005  1.0000000e+000
  2.2784800e+005  1.0000000e+000
  2.2785600e+005  1.0000000e+000
  2.2786500e+005  1.0000000e+000
  2.2787700e+005  1.0000000e+000
  2.2788000e+005  1.0000000e+000
  2.2789400e+005  1.0000000e+000
  2.2794900e+005  2.0000000e+000
  2.2797100e+005  2.0000000e+000
  2.2797400e+005  2.0000000e+000
  2.2798400e+005  2.0000000e+000
  2.2799000e+005  2.0000000e+000
  2.2800000e+005  2.0000000e+000
  2.2801400e+005  1.0000000e+000
  2.2801500e+005  1.0000000e+000
  2.2805200e+005  1.0000000e+000
  2.2805300e+005  1.0000000e+000
  2.2810100e+005  2.0000000e+000
  2.2811300e+005  1.0000000e+000
  2.2811500e+005  2.0000000e+000
  2.2811700e+005  2.0000000e+000
  2.2811900e+005  1.0000000e+000
  2.2813200e+005  2.0000000e+000
  2.2816300e+005  1.0000000e+000
  2.2816500e+005  1.0000000e+000
  2.2817900e+005  1.0000000e+000
  2.2819500e+005  1.0000000e+000
  2.2822800e+005  1.0000000e+000
  2.2824500e+005  1.0000000e+000
  2.2825300e+005  1.0000000e+000
  2.2828500e+005  1.0000000e+000
  2.2828900e+005  1.0000000e+000
  2.2830700e+005  2.0000000e+000
  2.2831000e+005  2.0000000e+000
  2.2831600e+005  2.0000000e+000
  2.2832100e+005  1.0000000e+000
  2.2832800e+005  1.0000000e+000
  2.2832900e+005  1.0000000e+000
  2.2833600e+005  1.0000000e+000
  2.2834200e+005  1.0000000e+000
  2.2838400e+005  1.0000000e+000
  2.2839300e+005  1.0000000e+000
  2.2839900e+005  2.0000000e+000
  2.2841100e+005  1.0000000e+000
  2.2841600e+005  2.0000000e+000
  2.2846300e+005  2.0000000e+000
  2.2847500e+005  2.0000000e+000
  2.2848100e+005  1.0000000e+000
  2.2848300e+005  1.0000000e+000
  2.2849200e+005  1.0000000e+000
  2.2850900e+005  1.0000000e+000
  2.2851000e+005  1.0000000e+000
  2.2853000e+005  1.0000000e+000
  2.2853200e+005  1.0000000e+000
  2.2859000e+005  1.0000000e+000
  2.2866300e+005  1.0000000e+000
  2.2868000e+005  1.0000000e+000
  2.2868500e+005  1.0000000e+000
  2.2868600e+005  1.0000000e+000
  2.2868800e+005  1.0000000e+000
  2.2869400e+005  1.0000000e+000
  2.2880200e+005  1.0000000e+000
  2.2881400e+005  1.0000000e+000
  2.2882100e+005  1.0000000e+000
  2.2882400e+005  1.0000000e+000
  2.2882700e+005  1.0000000e+000
  2.2896000e+005  2.0000000e+000
  2.2899300e+005  1.0000000e+000
  2.2925000e+005  2.0000000e+000
  2.2931600e+005  1.0000000e+000
  2.2937900e+005  1.0000000e+000
  2.2944200e+005  1.0000000e+000
  2.2946900e+005  1.0000000e+000
  2.2951100e+005  2.0000000e+000
  2.2951600e+005  1.0000000e+000
  2.2958800e+005  2.0000000e+000
  2.2961100e+005  1.0000000e+000
  2.2963300e+005  1.0000000e+000
  2.2966100e+005  1.0000000e+000
  2.2968900e+005  2.0000000e+000
  2.2980600e+005  1.0000000e+000
  2.3360100e+005  1.0000000e+000
  2.3376100e+005  1.0000000e+000
  2.3376700e+005  1.0000000e+000
  2.3391500e+005  2.0000000e+000
  2.3392600e+005  1.0000000e+000
  2.3407800e+005  2.0000000e+000
  2.3449600e+005  2.0000000e+000
  2.3456700e+005  1.0000000e+000
  2.3472600e+005  1.0000000e+000
  2.3475100e+005  1.0000000e+000
  2.3476400e+005  1.0000000e+000
  2.3478800e+005  1.0000000e+000
  2.3482100e+005  1.0000000e+000
  2.3488700e+005  1.0000000e+000
  2.3490200e+005  1.0000000e+000
  2.3490300e+005  1.0000000e+000
  2.3498800e+005  2.0000000e+000
  2.3499800e+005  2.0000000e+000
  2.3500900e+005  2.0000000e+000
  2.3506700e+005  1.0000000e+000
  2.3506800e+005  1.0000000e+000
  2.3507000e+005  1.0000000e+000
  2.3510200e+005  1.0000000e+000
  2.3514400e+005  2.0000000e+000
  2.3521200e+005  1.0000000e+000
  2.3522800e+005  1.0000000e+000
  2.3523500e+005  1.0000000e+000
  2.3525500e+005  1.0000000e+000
  2.3526000e+005  1.0000000e+000
  2.3526800e+005  1.0000000e+000
  2.3527000e+005  1.0000000e+000
  2.3532200e+005  1.0000000e+000
  2.3536500e+005  1.0000000e+000
  2.3537900e+005  1.0000000e+000
  2.3539200e+005  1.0000000e+000
  2.3540000e+005  1.0000000e+000
  2.3546200e+005  2.0000000e+000
  2.3549300e+005  2.0000000e+000
  2.3551400e+005  2.0000000e+000
  2.3552100e+005  1.0000000e+000
  2.3552600e+005  1.0000000e+000
  2.3552900e+005  1.0000000e+000
  2.3558300e+005  1.0000000e+000
  2.3562200e+005  2.0000000e+000
  2.3562600e+005  1.0000000e+000
  2.3567900e+005  2.0000000e+000
  2.3569200e+005  1.0000000e+000
  2.3569800e+005  1.0000000e+000
  2.3570000e+005  1.0000000e+000
  2.3570300e+005  1.0000000e+000
  2.3571100e+005  1.0000000e+000
  2.3580600e+005  2.0000000e+000
  2.3582400e+005  2.0000000e+000
  2.3582500e+005  1.0000000e+000
  2.3583000e+005  2.0000000e+000
  2.3584200e+005  1.0000000e+000
  2.3584500e+005  1.0000000e+000
  2.3585700e+005  1.0000000e+000
  2.3586200e+005  1.0000000e+000
  2.3587300e+005  1.0000000e+000
  2.3588200e+005  1.0000000e+000
  2.3589400e+005  1.0000000e+000
  2.3589800e+005  1.0000000e+000
  2.3590200e+005  1.0000000e+000
  2.3595400e+005  2.0000000e+000
  2.3596000e+005  1.0000000e+000
  2.3599200e+005  2.0000000e+000
  2.3600100e+005  1.0000000e+000
  2.3601800e+005  1.0000000e+000
  2.3602800e+005  1.0000000e+000
  2.3607200e+005  1.0000000e+000
  2.3608800e+005  2.0000000e+000
  2.3612000e+005  2.0000000e+000
  2.3616300e+005  1.0000000e+000
  2.3617300e+005  1.0000000e+000
  2.3618900e+005  1.0000000e+000
  2.3619000e+005  1.0000000e+000
  2.3619100e+005  1.0000000e+000
  2.3619900e+005  1.0000000e+000
  2.3624000e+005  1.0000000e+000
  2.3624300e+005  1.0000000e+000
  2.3627300e+005  2.0000000e+000
  2.3628400e+005  2.0000000e+000
  2.3628700e+005  2.0000000e+000
  2.3635400e+005  1.0000000e+000
  2.3635900e+005  1.0000000e+000
  2.3636200e+005  1.0000000e+000
  2.3637400e+005  1.0000000e+000
  2.3642800e+005  1.0000000e+000
  2.3644300e+005  1.0000000e+000
  2.3648500e+005  1.0000000e+000
  2.3648700e+005  1.0000000e+000
  2.3649200e+005  1.0000000e+000
  2.3649500e+005  1.0000000e+000
  2.3650900e+005  1.0000000e+000
  2.3655500e+005  1.0000000e+000
  2.3656000e+005  2.0000000e+000
  2.3657900e+005  1.0000000e+000
  2.3663800e+005  1.0000000e+000
  2.3664000e+005  2.0000000e+000
  2.3664200e+005  1.0000000e+000
  2.3664500e+005  1.0000000e+000
  2.3668400e+005  1.0000000e+000
  2.3671200e+005  1.0000000e+000
  2.3671900e+005  1.0000000e+000
  2.3672100e+005  2.0000000e+000
  2.3673700e+005  1.0000000e+000
  2.3676900e+005  2.0000000e+000
  2.3677400e+005  2.0000000e+000
  2.3679000e+005  2.0000000e+000
  2.3680600e+005  1.0000000e+000
  2.3681300e+005  1.0000000e+000
  2.3689200e+005  2.0000000e+000
  2.3700900e+005  1.0000000e+000
  2.3703600e+005  1.0000000e+000
  2.3704700e+005  1.0000000e+000
  2.3712300e+005  1.0000000e+000
  2.3712700e+005  1.0000000e+000
  2.3714600e+005  1.0000000e+000
  2.3719900e+005  1.0000000e+000
  2.3720400e+005  1.0000000e+000
  2.3728700e+005  1.0000000e+000
  2.3732400e+005  1.0000000e+000
  2.3739500e+005  1.0000000e+000
  2.3750700e+005  1.0000000e+000
  2.3757500e+005  2.0000000e+000
  2.3775100e+005  2.0000000e+000
  2.3777300e+005  1.0000000e+000
  2.3808700e+005  1.0000000e+000
  2.4159900e+005  2.0000000e+000
  2.4161500e+005  1.0000000e+000
  2.4176100e+005  1.0000000e+000
  2.4176200e+005  1.0000000e+000
  2.4176700e+005  1.0000000e+000
  2.4178200e+005  1.0000000e+000
  2.4208700e+005  1.0000000e+000
  2.4209500e+005  1.0000000e+000
  2.4209600e+005  1.0000000e+000
  2.4214200e+005  1.0000000e+000
  2.4224200e+005  1.0000000e+000
  2.4228300e+005  1.0000000e+000
  2.4239600e+005  2.0000000e+000
  2.4240800e+005  1.0000000e+000
  2.4244800e+005  1.0000000e+000
  2.4254300e+005  2.0000000e+000
  2.4256700e+005  1.0000000e+000
  2.4273000e+005  1.0000000e+000
  2.4274600e+005  1.0000000e+000
  2.4288600e+005  1.0000000e+000
  2.4289000e+005  1.0000000e+000
  2.4295500e+005  1.0000000e+000
  2.4298800e+005  1.0000000e+000
  2.4307000e+005  1.0000000e+000
  2.4307600e+005  1.0000000e+000
  2.4308400e+005  1.0000000e+000
  2.4308500e+005  1.0000000e+000
  2.4308900e+005  1.0000000e+000
  2.4309400e+005  1.0000000e+000
  2.4324700e+005  1.0000000e+000
  2.4325100e+005  1.0000000e+000
  2.4326500e+005  1.0000000e+000
  2.4328100e+005  2.0000000e+000
  2.4337500e+005  1.0000000e+000
  2.4337900e+005  1.0000000e+000
  2.4338300e+005  1.0000000e+000
  2.4340100e+005  1.0000000e+000
  2.4341600e+005  1.0000000e+000
  2.4348300e+005  1.0000000e+000
  2.4354000e+005  1.0000000e+000
  2.4354200e+005  1.0000000e+000
  2.4354700e+005  1.0000000e+000
  2.4358000e+005  1.0000000e+000
  2.4359500e+005  1.0000000e+000
  2.4360700e+005  1.0000000e+000
  2.4361700e+005  1.0000000e+000
  2.4367900e+005  2.0000000e+000
  2.4370500e+005  1.0000000e+000
  2.4371500e+005  1.0000000e+000
  2.4372500e+005  1.0000000e+000
  2.4372800e+005  1.0000000e+000
  2.4373700e+005  1.0000000e+000
  2.4378000e+005  2.0000000e+000
  2.4379600e+005  2.0000000e+000
  2.4381200e+005  2.0000000e+000
  2.4382600e+005  2.0000000e+000
  2.4383000e+005  2.0000000e+000
  2.4383100e+005  2.0000000e+000
  2.4386400e+005  1.0000000e+000
  2.4387900e+005  1.0000000e+000
  2.4388600e+005  1.0000000e+000
  2.4390300e+005  1.0000000e+000
  2.4390600e+005  1.0000000e+000
  2.4391400e+005  1.0000000e+000
  2.4391600e+005  1.0000000e+000
  2.4391900e+005  1.0000000e+000
  2.4395200e+005  1.0000000e+000
  2.4396900e+005  2.0000000e+000
  2.4400500e+005  1.0000000e+000
  2.4400800e+005  1.0000000e+000
  2.4400900e+005  1.0000000e+000
  2.4402400e+005  1.0000000e+000
  2.4403100e+005  1.0000000e+000
  2.4403500e+005  1.0000000e+000
  2.4413600e+005  2.0000000e+000
  2.4415900e+005  2.0000000e+000
  2.4416600e+005  1.0000000e+000
  2.4417900e+005  1.0000000e+000
  2.4418300e+005  1.0000000e+000
  2.4421100e+005  1.0000000e+000
  2.4423900e+005  1.0000000e+000
  2.4425200e+005  1.0000000e+000
  2.4426200e+005  2.0000000e+000
  2.4429100e+005  1.0000000e+000
  2.4433000e+005  1.0000000e+000
  2.4434300e+005  1.0000000e+000
  2.4436100e+005  1.0000000e+000
  2.4436800e+005  1.0000000e+000
  2.4437400e+005  1.0000000e+000
  2.4438100e+005  1.0000000e+000
  2.4448600e+005  1.0000000e+000
  2.4449400e+005  1.0000000e+000
  2.4451700e+005  1.0000000e+000
  2.4452900e+005  1.0000000e+000
  2.4457000e+005  1.0000000e+000
  2.4458100e+005  2.0000000e+000
  2.4458800e+005  1.0000000e+000
  2.4466100e+005  1.0000000e+000
  2.4466500e+005  1.0000000e+000
  2.4467600e+005  1.0000000e+000
  2.4468800e+005  1.0000000e+000
  2.4475300e+005  2.0000000e+000
  2.4479200e+005  2.0000000e+000
  2.4486500e+005  1.0000000e+000
  2.4487500e+005  1.0000000e+000
  2.4498600e+005  1.0000000e+000
  2.4500700e+005  1.0000000e+000
  2.4501600e+005  1.0000000e+000
  2.4518200e+005  1.0000000e+000
  2.4529300e+005  1.0000000e+000
  2.4532700e+005  1.0000000e+000
  2.4537700e+005  2.0000000e+000
  2.4538000e+005  1.0000000e+000
  2.4569200e+005  1.0000000e+000
  2.4913500e+005  1.0000000e+000
  2.4960200e+005  1.0000000e+000
  2.4976100e+005  1.0000000e+000
  2.4976700e+005  1.0000000e+000
  2.4977000e+005  1.0000000e+000
  2.4992100e+005  1.0000000e+000
  2.5010000e+005  1.0000000e+000
  2.5024400e+005  1.0000000e+000
  2.5030000e+005  1.0000000e+000
  2.5041200e+005  1.0000000e+000
  2.5060800e+005  1.0000000e+000
  2.5073900e+005  1.0000000e+000
  2.5075300e+005  1.0000000e+000
  2.5091300e+005  1.0000000e+000
  2.5093000e+005  2.0000000e+000
  2.5109500e+005  1.0000000e+000
  2.5111300e+005  2.0000000e+000
  2.5121400e+005  1.0000000e+000
  2.5125900e+005  1.0000000e+000
  2.5130900e+005  2.0000000e+000
  2.5137900e+005  1.0000000e+000
  2.5138900e+005  1.0000000e+000
  2.5139600e+005  1.0000000e+000
  2.5144400e+005  1.0000000e+000
  2.5146800e+005  2.0000000e+000
  2.5152100e+005  1.0000000e+000
  2.5152600e+005  1.0000000e+000
  2.5153400e+005  1.0000000e+000
  2.5156600e+005  2.0000000e+000
  2.5157700e+005  1.0000000e+000
  2.5158600e+005  1.0000000e+000
  2.5159400e+005  2.0000000e+000
  2.5170400e+005  1.0000000e+000
  2.5174500e+005  1.0000000e+000
  2.5176400e+005  2.0000000e+000
  2.5179400e+005  2.0000000e+000
  2.5184500e+005  1.0000000e+000
  2.5185200e+005  1.0000000e+000
  2.5186200e+005  1.0000000e+000
  2.5186900e+005  1.0000000e+000
  2.5190400e+005  1.0000000e+000
  2.5191700e+005  1.0000000e+000
  2.5198300e+005  1.0000000e+000
  2.5199400e+005  2.0000000e+000
  2.5207400e+005  1.0000000e+000
  2.5212600e+005  2.0000000e+000
  2.5212800e+005  2.0000000e+000
  2.5216400e+005  1.0000000e+000
  2.5217200e+005  1.0000000e+000
  2.5217600e+005  1.0000000e+000
  2.5217700e+005  1.0000000e+000
  2.5218300e+005  1.0000000e+000
  2.5218500e+005  1.0000000e+000
  2.5220000e+005  1.0000000e+000
  2.5222800e+005  1.0000000e+000
  2.5224400e+005  1.0000000e+000
  2.5225000e+005  1.0000000e+000
  2.5230200e+005  2.0000000e+000
  2.5231500e+005  2.0000000e+000
  2.5232300e+005  1.0000000e+000
  2.5237200e+005  1.0000000e+000
  2.5246900e+005  2.0000000e+000
  2.5252100e+005  1.0000000e+000
  2.5258400e+005  1.0000000e+000
  2.5266500e+005  1.0000000e+000
  2.5270000e+005  1.0000000e+000
  2.5271200e+005  1.0000000e+000
  2.5279700e+005  2.0000000e+000
  2.5280400e+005  1.0000000e+000
  2.5280700e+005  1.0000000e+000
  2.5281600e+005  2.0000000e+000
  2.5282500e+005  1.0000000e+000
  2.5283100e+005  1.0000000e+000
  2.5283300e+005  1.0000000e+000
  2.5284500e+005  1.0000000e+000
  2.5294600e+005  2.0000000e+000
  2.5297300e+005  1.0000000e+000
  2.5298600e+005  1.0000000e+000
  2.5303500e+005  1.0000000e+000
  2.5312000e+005  2.0000000e+000
  2.5315400e+005  1.0000000e+000
  2.5354100e+005  1.0000000e+000
  2.5367500e+005  1.0000000e+000
  2.5392100e+005  1.0000000e+000
  2.5681600e+005  1.0000000e+000
  2.5776200e+005  1.0000000e+000
  2.5824100e+005  1.0000000e+000
  2.5840500e+005  1.0000000e+000
  2.5844700e+005  1.0000000e+000
  2.5856600e+005  1.0000000e+000
  2.5861000e+005  1.0000000e+000
  2.5873100e+005  1.0000000e+000
  2.5878300e+005  1.0000000e+000
  2.5888700e+005  1.0000000e+000
  2.5888800e+005  1.0000000e+000
  2.5890700e+005  1.0000000e+000
  2.5904800e+005  1.0000000e+000
  2.5905700e+005  1.0000000e+000
  2.5921400e+005  1.0000000e+000
  2.5923100e+005  1.0000000e+000
  2.5927600e+005  1.0000000e+000
  2.5933300e+005  2.0000000e+000
  2.5938700e+005  1.0000000e+000
  2.5938800e+005  1.0000000e+000
  2.5939900e+005  1.0000000e+000
  2.5947300e+005  1.0000000e+000
  2.5952400e+005  1.0000000e+000
  2.5954200e+005  1.0000000e+000
  2.5956100e+005  1.0000000e+000
  2.5958400e+005  2.0000000e+000
  2.5968900e+005  1.0000000e+000
  2.5971800e+005  1.0000000e+000
  2.5974900e+005  1.0000000e+000
  2.5976400e+005  1.0000000e+000
  2.5977100e+005  1.0000000e+000
  2.5978600e+005  1.0000000e+000
  2.5980700e+005  2.0000000e+000
  2.5982400e+005  1.0000000e+000
  2.5990900e+005  2.0000000e+000
  2.6003900e+005  2.0000000e+000
  2.6004100e+005  1.0000000e+000
  2.6006000e+005  2.0000000e+000
  2.6006900e+005  2.0000000e+000
  2.6017600e+005  1.0000000e+000
  2.6017900e+005  1.0000000e+000
  2.6019000e+005  1.0000000e+000
  2.6019300e+005  1.0000000e+000
  2.6024700e+005  1.0000000e+000
  2.6038200e+005  1.0000000e+000
  2.6038300e+005  1.0000000e+000
  2.6038800e+005  1.0000000e+000
  2.6043100e+005  2.0000000e+000
  2.6045100e+005  2.0000000e+000
  2.6047300e+005  2.0000000e+000
  2.6050100e+005  1.0000000e+000
  2.6064300e+005  1.0000000e+000
  2.6070600e+005  1.0000000e+000
  2.6078500e+005  2.0000000e+000
  2.6080400e+005  1.0000000e+000
  2.6085200e+005  1.0000000e+000
  2.6087100e+005  1.0000000e+000
  2.6105900e+005  2.0000000e+000
  2.6149100e+005  1.0000000e+000
  2.6160500e+005  1.0000000e+000
  2.6416400e+005  1.0000000e+000
  2.6432100e+005  1.0000000e+000
  2.6432500e+005  1.0000000e+000
  2.6434000e+005  1.0000000e+000
  2.6528300e+005  1.0000000e+000
  2.6560200e+005  1.0000000e+000
  2.6608500e+005  1.0000000e+000
  2.6609500e+005  1.0000000e+000
  2.6641700e+005  1.0000000e+000
  2.6683900e+005  2.0000000e+000
  2.6688900e+005  1.0000000e+000
  2.6707900e+005  1.0000000e+000
  2.6708300e+005  1.0000000e+000
  2.6718900e+005  2.0000000e+000
  2.6722100e+005  1.0000000e+000
  2.6722800e+005  1.0000000e+000
  2.6726200e+005  1.0000000e+000
  2.6734800e+005  2.0000000e+000
  2.6738400e+005  1.0000000e+000
  2.6738500e+005  1.0000000e+000
  2.6742800e+005  1.0000000e+000
  2.6747200e+005  2.0000000e+000
  2.6756200e+005  1.0000000e+000
  2.6759400e+005  1.0000000e+000
  2.6767300e+005  2.0000000e+000
  2.6767400e+005  2.0000000e+000
  2.6768500e+005  1.0000000e+000
  2.6770800e+005  1.0000000e+000
  2.6784300e+005  1.0000000e+000
  2.6787200e+005  1.0000000e+000
  2.6788400e+005  1.0000000e+000
  2.6789400e+005  1.0000000e+000
  2.6802000e+005  1.0000000e+000
  2.6803200e+005  1.0000000e+000
  2.6804100e+005  1.0000000e+000
  2.6819400e+005  2.0000000e+000
  2.6821600e+005  1.0000000e+000
  2.6822900e+005  1.0000000e+000
  2.6824700e+005  2.0000000e+000
  2.6825700e+005  2.0000000e+000
  2.6834300e+005  1.0000000e+000
  2.6834700e+005  1.0000000e+000
  2.6835300e+005  1.0000000e+000
  2.6840000e+005  1.0000000e+000
  2.6844800e+005  2.0000000e+000
  2.6849000e+005  1.0000000e+000
  2.6851700e+005  1.0000000e+000
  2.6854200e+005  1.0000000e+000
  2.6855300e+005  1.0000000e+000
  2.6856000e+005  2.0000000e+000
  2.6872600e+005  1.0000000e+000
  2.6880400e+005  1.0000000e+000
  2.6882600e+005  1.0000000e+000
  2.6886800e+005  2.0000000e+000
  2.6914200e+005  1.0000000e+000
  2.6916100e+005  1.0000000e+000
  2.7280600e+005  1.0000000e+000
  2.7312500e+005  1.0000000e+000
  2.7392400e+005  1.0000000e+000
  2.7392700e+005  1.0000000e+000
  2.7408900e+005  1.0000000e+000
  2.7440500e+005  1.0000000e+000
  2.7457400e+005  1.0000000e+000
  2.7474000e+005  1.0000000e+000
  2.7474300e+005  1.0000000e+000
  2.7505200e+005  1.0000000e+000
  2.7513700e+005  2.0000000e+000
  2.7521600e+005  1.0000000e+000
  2.7528800e+005  1.0000000e+000
  2.7545500e+005  1.0000000e+000
  2.7554700e+005  1.0000000e+000
  2.7555500e+005  1.0000000e+000
  2.7562300e+005  2.0000000e+000
  2.7575200e+005  1.0000000e+000
  2.7587700e+005  1.0000000e+000
  2.7606200e+005  1.0000000e+000
  2.7616100e+005  1.0000000e+000
  2.7617300e+005  1.0000000e+000
  2.7618000e+005  1.0000000e+000
  2.7623800e+005  1.0000000e+000
  2.7627400e+005  1.0000000e+000
  2.7664600e+005  1.0000000e+000
  2.7667300e+005  2.0000000e+000
  2.7697200e+005  1.0000000e+000
  2.7699600e+005  1.0000000e+000
  2.7710700e+005  2.0000000e+000
  2.7711500e+005  2.0000000e+000
  2.8080200e+005  1.0000000e+000
  2.8112600e+005  1.0000000e+000
  2.8129500e+005  1.0000000e+000
  2.8272600e+005  1.0000000e+000
  2.8273800e+005  1.0000000e+000
  2.8276600e+005  1.0000000e+000
  2.8290000e+005  1.0000000e+000
  2.8304700e+005  1.0000000e+000
  2.8320500e+005  1.0000000e+000
  2.8322600e+005  1.0000000e+000
  2.8337400e+005  1.0000000e+000
  2.8339300e+005  1.0000000e+000
  2.8358100e+005  1.0000000e+000
  2.8386100e+005  1.0000000e+000
  2.8387900e+005  1.0000000e+000
  2.8389700e+005  1.0000000e+000
  2.8405700e+005  1.0000000e+000
  2.8406200e+005  2.0000000e+000
  2.8412800e+005  2.0000000e+000
  2.8433800e+005  1.0000000e+000
  2.8435500e+005  1.0000000e+000
  2.8449900e+005  1.0000000e+000
  2.8457000e+005  2.0000000e+000
  2.8896500e+005  1.0000000e+000
  2.8912700e+005  1.0000000e+000
  2.8928100e+005  1.0000000e+000
  2.8944200e+005  1.0000000e+000
  2.8944400e+005  1.0000000e+000
  2.8992200e+005  1.0000000e+000
  2.8993400e+005  1.0000000e+000
  2.9076600e+005  1.0000000e+000
  2.9078000e+005  1.0000000e+000
  2.9104600e+005  1.0000000e+000
  2.9104700e+005  1.0000000e+000
  2.9120200e+005  1.0000000e+000
  2.9127100e+005  1.0000000e+000
  2.9170500e+005  1.0000000e+000
  2.9184100e+005  1.0000000e+000
  2.9186100e+005  1.0000000e+000
  2.9203800e+005  1.0000000e+000
  2.9235900e+005  1.0000000e+000
  2.9264300e+005  1.0000000e+000
  2.9270500e+005  1.0000000e+000
  2.9712200e+005  1.0000000e+000
  2.9728100e+005  1.0000000e+000
  2.9728400e+005  1.0000000e+000
  2.9744100e+005  1.0000000e+000
  2.9921700e+005  1.0000000e+000
  2.9927600e+005  1.0000000e+000
  2.9943500e+005  1.0000000e+000
  2.9955600e+005  1.0000000e+000
  2.9984400e+005  1.0000000e+000
  2.9989900e+005  1.0000000e+000
  3.0036000e+005  1.0000000e+000
  3.0770700e+005  1.0000000e+000
  3.0801900e+005  1.0000000e+000
  3.0804900e+005  1.0000000e+000
  3.0805600e+005  1.0000000e+000
  3.1376600e+005  1.0000000e+000
  3.2095400e+005  2.0000000e+000
  3.2110700e+005  2.0000000e+000
  3.2111700e+005  2.0000000e+000
  3.2144000e+005  2.0000000e+000
  3.2192100e+005  1.0000000e+000
  3.2351600e+005  2.0000000e+000
  3.2367900e+005  2.0000000e+000
  3.2368100e+005  1.0000000e+000
  3.2384500e+005  1.0000000e+000
  3.2959700e+005  2.0000000e+000
  3.2992600e+005  1.0000000e+000
  3.3008500e+005  1.0000000e+000
  3.3008600e+005  1.0000000e+000
  3.3152000e+005  2.0000000e+000
  3.3168600e+005  1.0000000e+000
  3.3183400e+005  2.0000000e+000
  3.3824300e+005  1.0000000e+000
  3.3952400e+005  1.0000000e+000
  3.4608400e+005  1.0000000e+000
  3.4608600e+005  1.0000000e+000
  3.6895500e+005  2.0000000e+000
  3.6895600e+005  2.0000000e+000
  3.8736400e+005  1.0000000e+000
  3.8800400e+005  1.0000000e+000
