    0.9999999717E-09    0.9999999717E-09    0.0000000000E+00    0.4746257324E+03    0.0000000000E+00    0.0000000000E+00    0.0000000000E+00    0.0000000000E+00    0.0000000000E+00    0.0000000000E+00    0.0000000000E+00    0.0000000000E+00
    0.1999999943E-08    0.9999999717E-09    0.0000000000E+00    0.6228059570E+04    0.0000000000E+00    0.0000000000E+00    0.0000000000E+00    0.0000000000E+00    0.0000000000E+00    0.0000000000E+00    0.0000000000E+00    0.0000000000E+00
    0.2999999804E-08    0.9999999717E-09    0.0000000000E+00    0.1127191895E+05    0.0000000000E+00    0.0000000000E+00    0.0000000000E+00    0.0000000000E+00    0.0000000000E+00    0.0000000000E+00    0.0000000000E+00    0.0000000000E+00
    0.3999999887E-08    0.9999999717E-09    0.0000000000E+00    0.6852288086E+04    0.0000000000E+00    0.0000000000E+00    0.0000000000E+00    0.0000000000E+00    0.0000000000E+00    0.0000000000E+00    0.0000000000E+00    0.0000000000E+00
    0.4999999970E-08    0.9999999717E-09    0.0000000000E+00    0.4156426758E+04    0.0000000000E+00    0.0000000000E+00    0.0000000000E+00    0.0000000000E+00    0.0000000000E+00    0.0000000000E+00    0.0000000000E+00    0.0000000000E+00
    0.5999999608E-08    0.9999999717E-09    0.0000000000E+00    0.3317668701E+04    0.0000000000E+00    0.0000000000E+00    0.0000000000E+00    0.0000000000E+00    0.0000000000E+00    0.0000000000E+00    0.0000000000E+00    0.0000000000E+00
    0.6999999691E-08    0.9999999717E-09    0.0000000000E+00    0.2654272949E+04    0.0000000000E+00    0.0000000000E+00    0.0000000000E+00    0.0000000000E+00    0.0000000000E+00    0.0000000000E+00    0.0000000000E+00    0.0000000000E+00
    0.7999999774E-08    0.9999999717E-09    0.0000000000E+00    0.1945945679E+04    0.0000000000E+00    0.0000000000E+00    0.0000000000E+00    0.0000000000E+00    0.0000000000E+00    0.0000000000E+00    0.0000000000E+00    0.0000000000E+00
    0.8999999856E-08    0.9999999717E-09    0.0000000000E+00    0.1407954712E+04    0.0000000000E+00    0.0000000000E+00    0.0000000000E+00    0.0000000000E+00    0.0000000000E+00    0.0000000000E+00    0.0000000000E+00    0.0000000000E+00
    0.9999999939E-08    0.9999999717E-09    0.0000000000E+00    0.1033952026E+04    0.0000000000E+00    0.0000000000E+00    0.0000000000E+00    0.0000000000E+00    0.0000000000E+00    0.0000000000E+00    0.0000000000E+00    0.0000000000E+00
    0.1100000002E-07    0.9999999717E-09    0.0000000000E+00    0.7828963013E+03    0.0000000000E+00    0.0000000000E+00    0.0000000000E+00    0.0000000000E+00    0.0000000000E+00    0.0000000000E+00    0.0000000000E+00    0.0000000000E+00
    0.1199999922E-07    0.9999999717E-09    0.0000000000E+00    0.6381721802E+03    0.0000000000E+00    0.0000000000E+00    0.0000000000E+00    0.0000000000E+00    0.0000000000E+00    0.0000000000E+00    0.0000000000E+00    0.0000000000E+00
    0.9999999717E-09    0.1999999943E-08    0.0000000000E+00    0.5393593140E+03    0.0000000000E+00    0.0000000000E+00    0.0000000000E+00    0.0000000000E+00    0.0000000000E+00    0.0000000000E+00    0.0000000000E+00    0.0000000000E+00
    0.1999999943E-08    0.1999999943E-08    0.0000000000E+00    0.7228262695E+04    0.0000000000E+00    0.0000000000E+00    0.0000000000E+00    0.0000000000E+00    0.0000000000E+00    0.0000000000E+00    0.0000000000E+00    0.0000000000E+00
    0.2999999804E-08    0.1999999943E-08    0.0000000000E+00    0.6580891602E+04    0.0000000000E+00    0.0000000000E+00    0.0000000000E+00    0.0000000000E+00    0.0000000000E+00    0.0000000000E+00    0.0000000000E+00    0.0000000000E+00
    0.3999999887E-08    0.1999999943E-08    0.0000000000E+00    0.5384648438E+04    0.0000000000E+00    0.0000000000E+00    0.0000000000E+00    0.0000000000E+00    0.0000000000E+00    0.0000000000E+00    0.0000000000E+00    0.0000000000E+00
    0.4999999970E-08    0.1999999943E-08    0.0000000000E+00    0.4004720459E+04    0.0000000000E+00    0.0000000000E+00    0.0000000000E+00    0.0000000000E+00    0.0000000000E+00    0.0000000000E+00    0.0000000000E+00    0.0000000000E+00
    0.5999999608E-08    0.1999999943E-08    0.0000000000E+00    0.3269204834E+04    0.0000000000E+00    0.0000000000E+00    0.0000000000E+00    0.0000000000E+00    0.0000000000E+00    0.0000000000E+00    0.0000000000E+00    0.0000000000E+00
    0.6999999691E-08    0.1999999943E-08    0.0000000000E+00    0.2386500244E+04    0.0000000000E+00    0.0000000000E+00    0.0000000000E+00    0.0000000000E+00    0.0000000000E+00    0.0000000000E+00    0.0000000000E+00    0.0000000000E+00
    0.7999999774E-08    0.1999999943E-08    0.0000000000E+00    0.1719267822E+04    0.0000000000E+00    0.0000000000E+00    0.0000000000E+00    0.0000000000E+00    0.0000000000E+00    0.0000000000E+00    0.0000000000E+00    0.0000000000E+00
    0.8999999856E-08    0.1999999943E-08    0.0000000000E+00    0.1198920410E+04    0.0000000000E+00    0.0000000000E+00    0.0000000000E+00    0.0000000000E+00    0.0000000000E+00    0.0000000000E+00    0.0000000000E+00    0.0000000000E+00
    0.9999999939E-08    0.1999999943E-08    0.0000000000E+00    0.8961530151E+03    0.0000000000E+00    0.0000000000E+00    0.0000000000E+00    0.0000000000E+00    0.0000000000E+00    0.0000000000E+00    0.0000000000E+00    0.0000000000E+00
    0.1100000002E-07    0.1999999943E-08    0.0000000000E+00    0.7379232178E+03    0.0000000000E+00    0.0000000000E+00    0.0000000000E+00    0.0000000000E+00    0.0000000000E+00    0.0000000000E+00    0.0000000000E+00    0.0000000000E+00
    0.1199999922E-07    0.1999999943E-08    0.0000000000E+00    0.5901743774E+03    0.0000000000E+00    0.0000000000E+00    0.0000000000E+00    0.0000000000E+00    0.0000000000E+00    0.0000000000E+00    0.0000000000E+00    0.0000000000E+00
    0.9999999717E-09    0.2999999804E-08    0.0000000000E+00    0.5826672974E+03    0.0000000000E+00    0.0000000000E+00    0.0000000000E+00    0.0000000000E+00    0.0000000000E+00    0.0000000000E+00    0.0000000000E+00    0.0000000000E+00
    0.1999999943E-08    0.2999999804E-08    0.0000000000E+00    0.6547061035E+04    0.0000000000E+00    0.0000000000E+00    0.0000000000E+00    0.0000000000E+00    0.0000000000E+00    0.0000000000E+00    0.0000000000E+00    0.0000000000E+00
    0.2999999804E-08    0.2999999804E-08    0.0000000000E+00    0.7131271484E+04    0.0000000000E+00    0.0000000000E+00    0.0000000000E+00    0.0000000000E+00    0.0000000000E+00    0.0000000000E+00    0.0000000000E+00    0.0000000000E+00
    0.3999999887E-08    0.2999999804E-08    0.0000000000E+00    0.5415616211E+04    0.0000000000E+00    0.0000000000E+00    0.0000000000E+00    0.0000000000E+00    0.0000000000E+00    0.0000000000E+00    0.0000000000E+00    0.0000000000E+00
    0.4999999970E-08    0.2999999804E-08    0.0000000000E+00    0.3940431152E+04    0.0000000000E+00    0.0000000000E+00    0.0000000000E+00    0.0000000000E+00    0.0000000000E+00    0.0000000000E+00    0.0000000000E+00    0.0000000000E+00
    0.5999999608E-08    0.2999999804E-08    0.0000000000E+00    0.3056963379E+04    0.0000000000E+00    0.0000000000E+00    0.0000000000E+00    0.0000000000E+00    0.0000000000E+00    0.0000000000E+00    0.0000000000E+00    0.0000000000E+00
    0.6999999691E-08    0.2999999804E-08    0.0000000000E+00    0.2276657715E+04    0.0000000000E+00    0.0000000000E+00    0.0000000000E+00    0.0000000000E+00    0.0000000000E+00    0.0000000000E+00    0.0000000000E+00    0.0000000000E+00
    0.7999999774E-08    0.2999999804E-08    0.0000000000E+00    0.1491524536E+04    0.0000000000E+00    0.0000000000E+00    0.0000000000E+00    0.0000000000E+00    0.0000000000E+00    0.0000000000E+00    0.0000000000E+00    0.0000000000E+00
    0.8999999856E-08    0.2999999804E-08    0.0000000000E+00    0.1048345581E+04    0.0000000000E+00    0.0000000000E+00    0.0000000000E+00    0.0000000000E+00    0.0000000000E+00    0.0000000000E+00    0.0000000000E+00    0.0000000000E+00
    0.9999999939E-08    0.2999999804E-08    0.0000000000E+00    0.8310242310E+03    0.0000000000E+00    0.0000000000E+00    0.0000000000E+00    0.0000000000E+00    0.0000000000E+00    0.0000000000E+00    0.0000000000E+00    0.0000000000E+00
    0.1100000002E-07    0.2999999804E-08    0.0000000000E+00    0.7172496338E+03    0.0000000000E+00    0.0000000000E+00    0.0000000000E+00    0.0000000000E+00    0.0000000000E+00    0.0000000000E+00    0.0000000000E+00    0.0000000000E+00
    0.1199999922E-07    0.2999999804E-08    0.0000000000E+00    0.5999017944E+03    0.0000000000E+00    0.0000000000E+00    0.0000000000E+00    0.0000000000E+00    0.0000000000E+00    0.0000000000E+00    0.0000000000E+00    0.0000000000E+00
    0.9999999717E-09    0.3999999887E-08    0.0000000000E+00    0.5616499023E+03    0.0000000000E+00    0.0000000000E+00    0.0000000000E+00    0.0000000000E+00    0.0000000000E+00    0.0000000000E+00    0.0000000000E+00    0.0000000000E+00
    0.1999999943E-08    0.3999999887E-08    0.0000000000E+00    0.6887302734E+04    0.0000000000E+00    0.0000000000E+00    0.0000000000E+00    0.0000000000E+00    0.0000000000E+00    0.0000000000E+00    0.0000000000E+00    0.0000000000E+00
    0.2999999804E-08    0.3999999887E-08    0.0000000000E+00    0.1330963770E+05    0.0000000000E+00    0.0000000000E+00    0.0000000000E+00    0.0000000000E+00    0.0000000000E+00    0.0000000000E+00    0.0000000000E+00    0.0000000000E+00
    0.3999999887E-08    0.3999999887E-08    0.0000000000E+00    0.4983815918E+04    0.0000000000E+00    0.0000000000E+00    0.0000000000E+00    0.0000000000E+00    0.0000000000E+00    0.0000000000E+00    0.0000000000E+00    0.0000000000E+00
    0.4999999970E-08    0.3999999887E-08    0.0000000000E+00    0.3898706787E+04    0.0000000000E+00    0.0000000000E+00    0.0000000000E+00    0.0000000000E+00    0.0000000000E+00    0.0000000000E+00    0.0000000000E+00    0.0000000000E+00
    0.5999999608E-08    0.3999999887E-08    0.0000000000E+00    0.2844110596E+04    0.0000000000E+00    0.0000000000E+00    0.0000000000E+00    0.0000000000E+00    0.0000000000E+00    0.0000000000E+00    0.0000000000E+00    0.0000000000E+00
    0.6999999691E-08    0.3999999887E-08    0.0000000000E+00    0.2151404053E+04    0.0000000000E+00    0.0000000000E+00    0.0000000000E+00    0.0000000000E+00    0.0000000000E+00    0.0000000000E+00    0.0000000000E+00    0.0000000000E+00
    0.7999999774E-08    0.3999999887E-08    0.0000000000E+00    0.1337433105E+04    0.0000000000E+00    0.0000000000E+00    0.0000000000E+00    0.0000000000E+00    0.0000000000E+00    0.0000000000E+00    0.0000000000E+00    0.0000000000E+00
    0.8999999856E-08    0.3999999887E-08    0.0000000000E+00    0.9760670166E+03    0.0000000000E+00    0.0000000000E+00    0.0000000000E+00    0.0000000000E+00    0.0000000000E+00    0.0000000000E+00    0.0000000000E+00    0.0000000000E+00
    0.9999999939E-08    0.3999999887E-08    0.0000000000E+00    0.8218262939E+03    0.0000000000E+00    0.0000000000E+00    0.0000000000E+00    0.0000000000E+00    0.0000000000E+00    0.0000000000E+00    0.0000000000E+00    0.0000000000E+00
    0.1100000002E-07    0.3999999887E-08    0.0000000000E+00    0.6954464722E+03    0.0000000000E+00    0.0000000000E+00    0.0000000000E+00    0.0000000000E+00    0.0000000000E+00    0.0000000000E+00    0.0000000000E+00    0.0000000000E+00
    0.1199999922E-07    0.3999999887E-08    0.0000000000E+00    0.5788737183E+03    0.0000000000E+00    0.0000000000E+00    0.0000000000E+00    0.0000000000E+00    0.0000000000E+00    0.0000000000E+00    0.0000000000E+00    0.0000000000E+00
    0.9999999717E-09    0.4999999970E-08    0.0000000000E+00    0.5770119629E+03    0.0000000000E+00    0.0000000000E+00    0.0000000000E+00    0.0000000000E+00    0.0000000000E+00    0.0000000000E+00    0.0000000000E+00    0.0000000000E+00
    0.1999999943E-08    0.4999999970E-08    0.0000000000E+00    0.8043449219E+04    0.0000000000E+00    0.0000000000E+00    0.0000000000E+00    0.0000000000E+00    0.0000000000E+00    0.0000000000E+00    0.0000000000E+00    0.0000000000E+00
    0.2999999804E-08    0.4999999970E-08    0.0000000000E+00    0.5955702637E+04    0.0000000000E+00    0.0000000000E+00    0.0000000000E+00    0.0000000000E+00    0.0000000000E+00    0.0000000000E+00    0.0000000000E+00    0.0000000000E+00
    0.3999999887E-08    0.4999999970E-08    0.0000000000E+00    0.4686210449E+04    0.0000000000E+00    0.0000000000E+00    0.0000000000E+00    0.0000000000E+00    0.0000000000E+00    0.0000000000E+00    0.0000000000E+00    0.0000000000E+00
    0.4999999970E-08    0.4999999970E-08    0.0000000000E+00    0.3691630859E+04    0.0000000000E+00    0.0000000000E+00    0.0000000000E+00    0.0000000000E+00    0.0000000000E+00    0.0000000000E+00    0.0000000000E+00    0.0000000000E+00
    0.5999999608E-08    0.4999999970E-08    0.0000000000E+00    0.2881825928E+04    0.0000000000E+00    0.0000000000E+00    0.0000000000E+00    0.0000000000E+00    0.0000000000E+00    0.0000000000E+00    0.0000000000E+00    0.0000000000E+00
    0.6999999691E-08    0.4999999970E-08    0.0000000000E+00    0.2043911133E+04    0.0000000000E+00    0.0000000000E+00    0.0000000000E+00    0.0000000000E+00    0.0000000000E+00    0.0000000000E+00    0.0000000000E+00    0.0000000000E+00
    0.7999999774E-08    0.4999999970E-08    0.0000000000E+00    0.1251411011E+04    0.0000000000E+00    0.0000000000E+00    0.0000000000E+00    0.0000000000E+00    0.0000000000E+00    0.0000000000E+00    0.0000000000E+00    0.0000000000E+00
    0.8999999856E-08    0.4999999970E-08    0.0000000000E+00    0.9297103882E+03    0.0000000000E+00    0.0000000000E+00    0.0000000000E+00    0.0000000000E+00    0.0000000000E+00    0.0000000000E+00    0.0000000000E+00    0.0000000000E+00
    0.9999999939E-08    0.4999999970E-08    0.0000000000E+00    0.7678743286E+03    0.0000000000E+00    0.0000000000E+00    0.0000000000E+00    0.0000000000E+00    0.0000000000E+00    0.0000000000E+00    0.0000000000E+00    0.0000000000E+00
    0.1100000002E-07    0.4999999970E-08    0.0000000000E+00    0.6865645142E+03    0.0000000000E+00    0.0000000000E+00    0.0000000000E+00    0.0000000000E+00    0.0000000000E+00    0.0000000000E+00    0.0000000000E+00    0.0000000000E+00
    0.1199999922E-07    0.4999999970E-08    0.0000000000E+00    0.5841703491E+03    0.0000000000E+00    0.0000000000E+00    0.0000000000E+00    0.0000000000E+00    0.0000000000E+00    0.0000000000E+00    0.0000000000E+00    0.0000000000E+00
    0.9999999717E-09    0.5999999608E-08    0.0000000000E+00    0.6046492310E+03    0.0000000000E+00    0.0000000000E+00    0.0000000000E+00    0.0000000000E+00    0.0000000000E+00    0.0000000000E+00    0.0000000000E+00    0.0000000000E+00
    0.1999999943E-08    0.5999999608E-08    0.0000000000E+00    0.7096378906E+04    0.0000000000E+00    0.0000000000E+00    0.0000000000E+00    0.0000000000E+00    0.0000000000E+00    0.0000000000E+00    0.0000000000E+00    0.0000000000E+00
    0.2999999804E-08    0.5999999608E-08    0.0000000000E+00    0.5776622559E+04    0.0000000000E+00    0.0000000000E+00    0.0000000000E+00    0.0000000000E+00    0.0000000000E+00    0.0000000000E+00    0.0000000000E+00    0.0000000000E+00
    0.3999999887E-08    0.5999999608E-08    0.0000000000E+00    0.4855779297E+04    0.0000000000E+00    0.0000000000E+00    0.0000000000E+00    0.0000000000E+00    0.0000000000E+00    0.0000000000E+00    0.0000000000E+00    0.0000000000E+00
    0.4999999970E-08    0.5999999608E-08    0.0000000000E+00    0.3806977051E+04    0.0000000000E+00    0.0000000000E+00    0.0000000000E+00    0.0000000000E+00    0.0000000000E+00    0.0000000000E+00    0.0000000000E+00    0.0000000000E+00
    0.5999999608E-08    0.5999999608E-08    0.0000000000E+00    0.2806532715E+04    0.0000000000E+00    0.0000000000E+00    0.0000000000E+00    0.0000000000E+00    0.0000000000E+00    0.0000000000E+00    0.0000000000E+00    0.0000000000E+00
    0.6999999691E-08    0.5999999608E-08    0.0000000000E+00    0.1933801514E+04    0.0000000000E+00    0.0000000000E+00    0.0000000000E+00    0.0000000000E+00    0.0000000000E+00    0.0000000000E+00    0.0000000000E+00    0.0000000000E+00
    0.7999999774E-08    0.5999999608E-08    0.0000000000E+00    0.1251121216E+04    0.0000000000E+00    0.0000000000E+00    0.0000000000E+00    0.0000000000E+00    0.0000000000E+00    0.0000000000E+00    0.0000000000E+00    0.0000000000E+00
    0.8999999856E-08    0.5999999608E-08    0.0000000000E+00    0.9048832397E+03    0.0000000000E+00    0.0000000000E+00    0.0000000000E+00    0.0000000000E+00    0.0000000000E+00    0.0000000000E+00    0.0000000000E+00    0.0000000000E+00
    0.9999999939E-08    0.5999999608E-08    0.0000000000E+00    0.7770426025E+03    0.0000000000E+00    0.0000000000E+00    0.0000000000E+00    0.0000000000E+00    0.0000000000E+00    0.0000000000E+00    0.0000000000E+00    0.0000000000E+00
    0.1100000002E-07    0.5999999608E-08    0.0000000000E+00    0.6503900757E+03    0.0000000000E+00    0.0000000000E+00    0.0000000000E+00    0.0000000000E+00    0.0000000000E+00    0.0000000000E+00    0.0000000000E+00    0.0000000000E+00
    0.1199999922E-07    0.5999999608E-08    0.0000000000E+00    0.5629096069E+03    0.0000000000E+00    0.0000000000E+00    0.0000000000E+00    0.0000000000E+00    0.0000000000E+00    0.0000000000E+00    0.0000000000E+00    0.0000000000E+00
    0.9999999717E-09    0.6999999691E-08    0.0000000000E+00    0.6612540283E+03    0.0000000000E+00    0.0000000000E+00    0.0000000000E+00    0.0000000000E+00    0.0000000000E+00    0.0000000000E+00    0.0000000000E+00    0.0000000000E+00
    0.1999999943E-08    0.6999999691E-08    0.0000000000E+00    0.6421634277E+04    0.0000000000E+00    0.0000000000E+00    0.0000000000E+00    0.0000000000E+00    0.0000000000E+00    0.0000000000E+00    0.0000000000E+00    0.0000000000E+00
    0.2999999804E-08    0.6999999691E-08    0.0000000000E+00    0.6064872559E+04    0.0000000000E+00    0.0000000000E+00    0.0000000000E+00    0.0000000000E+00    0.0000000000E+00    0.0000000000E+00    0.0000000000E+00    0.0000000000E+00
    0.3999999887E-08    0.6999999691E-08    0.0000000000E+00    0.4454993652E+04    0.0000000000E+00    0.0000000000E+00    0.0000000000E+00    0.0000000000E+00    0.0000000000E+00    0.0000000000E+00    0.0000000000E+00    0.0000000000E+00
    0.4999999970E-08    0.6999999691E-08    0.0000000000E+00    0.3620008789E+04    0.0000000000E+00    0.0000000000E+00    0.0000000000E+00    0.0000000000E+00    0.0000000000E+00    0.0000000000E+00    0.0000000000E+00    0.0000000000E+00
    0.5999999608E-08    0.6999999691E-08    0.0000000000E+00    0.2826547363E+04    0.0000000000E+00    0.0000000000E+00    0.0000000000E+00    0.0000000000E+00    0.0000000000E+00    0.0000000000E+00    0.0000000000E+00    0.0000000000E+00
    0.6999999691E-08    0.6999999691E-08    0.0000000000E+00    0.1930456787E+04    0.0000000000E+00    0.0000000000E+00    0.0000000000E+00    0.0000000000E+00    0.0000000000E+00    0.0000000000E+00    0.0000000000E+00    0.0000000000E+00
    0.7999999774E-08    0.6999999691E-08    0.0000000000E+00    0.1224920044E+04    0.0000000000E+00    0.0000000000E+00    0.0000000000E+00    0.0000000000E+00    0.0000000000E+00    0.0000000000E+00    0.0000000000E+00    0.0000000000E+00
    0.8999999856E-08    0.6999999691E-08    0.0000000000E+00    0.9133638916E+03    0.0000000000E+00    0.0000000000E+00    0.0000000000E+00    0.0000000000E+00    0.0000000000E+00    0.0000000000E+00    0.0000000000E+00    0.0000000000E+00
    0.9999999939E-08    0.6999999691E-08    0.0000000000E+00    0.7462987671E+03    0.0000000000E+00    0.0000000000E+00    0.0000000000E+00    0.0000000000E+00    0.0000000000E+00    0.0000000000E+00    0.0000000000E+00    0.0000000000E+00
    0.1100000002E-07    0.6999999691E-08    0.0000000000E+00    0.6411183472E+03    0.0000000000E+00    0.0000000000E+00    0.0000000000E+00    0.0000000000E+00    0.0000000000E+00    0.0000000000E+00    0.0000000000E+00    0.0000000000E+00
    0.1199999922E-07    0.6999999691E-08    0.0000000000E+00    0.5676056519E+03    0.0000000000E+00    0.0000000000E+00    0.0000000000E+00    0.0000000000E+00    0.0000000000E+00    0.0000000000E+00    0.0000000000E+00    0.0000000000E+00
    0.9999999717E-09    0.7999999774E-08    0.0000000000E+00    0.6415335083E+03    0.0000000000E+00    0.0000000000E+00    0.0000000000E+00    0.0000000000E+00    0.0000000000E+00    0.0000000000E+00    0.0000000000E+00    0.0000000000E+00
    0.1999999943E-08    0.7999999774E-08    0.0000000000E+00    0.6937499512E+04    0.0000000000E+00    0.0000000000E+00    0.0000000000E+00    0.0000000000E+00    0.0000000000E+00    0.0000000000E+00    0.0000000000E+00    0.0000000000E+00
    0.2999999804E-08    0.7999999774E-08    0.0000000000E+00    0.5773305176E+04    0.0000000000E+00    0.0000000000E+00    0.0000000000E+00    0.0000000000E+00    0.0000000000E+00    0.0000000000E+00    0.0000000000E+00    0.0000000000E+00
    0.3999999887E-08    0.7999999774E-08    0.0000000000E+00    0.4231299805E+04    0.0000000000E+00    0.0000000000E+00    0.0000000000E+00    0.0000000000E+00    0.0000000000E+00    0.0000000000E+00    0.0000000000E+00    0.0000000000E+00
    0.4999999970E-08    0.7999999774E-08    0.0000000000E+00    0.3361452393E+04    0.0000000000E+00    0.0000000000E+00    0.0000000000E+00    0.0000000000E+00    0.0000000000E+00    0.0000000000E+00    0.0000000000E+00    0.0000000000E+00
    0.5999999608E-08    0.7999999774E-08    0.0000000000E+00    0.2547252197E+04    0.0000000000E+00    0.0000000000E+00    0.0000000000E+00    0.0000000000E+00    0.0000000000E+00    0.0000000000E+00    0.0000000000E+00    0.0000000000E+00
    0.6999999691E-08    0.7999999774E-08    0.0000000000E+00    0.1784822754E+04    0.0000000000E+00    0.0000000000E+00    0.0000000000E+00    0.0000000000E+00    0.0000000000E+00    0.0000000000E+00    0.0000000000E+00    0.0000000000E+00
    0.7999999774E-08    0.7999999774E-08    0.0000000000E+00    0.1193461548E+04    0.0000000000E+00    0.0000000000E+00    0.0000000000E+00    0.0000000000E+00    0.0000000000E+00    0.0000000000E+00    0.0000000000E+00    0.0000000000E+00
    0.8999999856E-08    0.7999999774E-08    0.0000000000E+00    0.8971668701E+03    0.0000000000E+00    0.0000000000E+00    0.0000000000E+00    0.0000000000E+00    0.0000000000E+00    0.0000000000E+00    0.0000000000E+00    0.0000000000E+00
    0.9999999939E-08    0.7999999774E-08    0.0000000000E+00    0.7704187622E+03    0.0000000000E+00    0.0000000000E+00    0.0000000000E+00    0.0000000000E+00    0.0000000000E+00    0.0000000000E+00    0.0000000000E+00    0.0000000000E+00
    0.1100000002E-07    0.7999999774E-08    0.0000000000E+00    0.6437584229E+03    0.0000000000E+00    0.0000000000E+00    0.0000000000E+00    0.0000000000E+00    0.0000000000E+00    0.0000000000E+00    0.0000000000E+00    0.0000000000E+00
    0.1199999922E-07    0.7999999774E-08    0.0000000000E+00    0.5740446167E+03    0.0000000000E+00    0.0000000000E+00    0.0000000000E+00    0.0000000000E+00    0.0000000000E+00    0.0000000000E+00    0.0000000000E+00    0.0000000000E+00
    0.9999999717E-09    0.8999999856E-08    0.0000000000E+00    0.6481141968E+03    0.0000000000E+00    0.0000000000E+00    0.0000000000E+00    0.0000000000E+00    0.0000000000E+00    0.0000000000E+00    0.0000000000E+00    0.0000000000E+00
    0.1999999943E-08    0.8999999856E-08    0.0000000000E+00    0.8662216797E+04    0.0000000000E+00    0.0000000000E+00    0.0000000000E+00    0.0000000000E+00    0.0000000000E+00    0.0000000000E+00    0.0000000000E+00    0.0000000000E+00
    0.2999999804E-08    0.8999999856E-08    0.0000000000E+00    0.4787985840E+04    0.0000000000E+00    0.0000000000E+00    0.0000000000E+00    0.0000000000E+00    0.0000000000E+00    0.0000000000E+00    0.0000000000E+00    0.0000000000E+00
    0.3999999887E-08    0.8999999856E-08    0.0000000000E+00    0.4025590332E+04    0.0000000000E+00    0.0000000000E+00    0.0000000000E+00    0.0000000000E+00    0.0000000000E+00    0.0000000000E+00    0.0000000000E+00    0.0000000000E+00
    0.4999999970E-08    0.8999999856E-08    0.0000000000E+00    0.3240873535E+04    0.0000000000E+00    0.0000000000E+00    0.0000000000E+00    0.0000000000E+00    0.0000000000E+00    0.0000000000E+00    0.0000000000E+00    0.0000000000E+00
    0.5999999608E-08    0.8999999856E-08    0.0000000000E+00    0.2390090088E+04    0.0000000000E+00    0.0000000000E+00    0.0000000000E+00    0.0000000000E+00    0.0000000000E+00    0.0000000000E+00    0.0000000000E+00    0.0000000000E+00
    0.6999999691E-08    0.8999999856E-08    0.0000000000E+00    0.1629788940E+04    0.0000000000E+00    0.0000000000E+00    0.0000000000E+00    0.0000000000E+00    0.0000000000E+00    0.0000000000E+00    0.0000000000E+00    0.0000000000E+00
    0.7999999774E-08    0.8999999856E-08    0.0000000000E+00    0.1118654785E+04    0.0000000000E+00    0.0000000000E+00    0.0000000000E+00    0.0000000000E+00    0.0000000000E+00    0.0000000000E+00    0.0000000000E+00    0.0000000000E+00
    0.8999999856E-08    0.8999999856E-08    0.0000000000E+00    0.8692098999E+03    0.0000000000E+00    0.0000000000E+00    0.0000000000E+00    0.0000000000E+00    0.0000000000E+00    0.0000000000E+00    0.0000000000E+00    0.0000000000E+00
    0.9999999939E-08    0.8999999856E-08    0.0000000000E+00    0.7475341187E+03    0.0000000000E+00    0.0000000000E+00    0.0000000000E+00    0.0000000000E+00    0.0000000000E+00    0.0000000000E+00    0.0000000000E+00    0.0000000000E+00
    0.1100000002E-07    0.8999999856E-08    0.0000000000E+00    0.6307723999E+03    0.0000000000E+00    0.0000000000E+00    0.0000000000E+00    0.0000000000E+00    0.0000000000E+00    0.0000000000E+00    0.0000000000E+00    0.0000000000E+00
    0.1199999922E-07    0.8999999856E-08    0.0000000000E+00    0.5736475220E+03    0.0000000000E+00    0.0000000000E+00    0.0000000000E+00    0.0000000000E+00    0.0000000000E+00    0.0000000000E+00    0.0000000000E+00    0.0000000000E+00
    0.9999999717E-09    0.9999999939E-08    0.0000000000E+00    0.5530855103E+03    0.0000000000E+00    0.0000000000E+00    0.0000000000E+00    0.0000000000E+00    0.0000000000E+00    0.0000000000E+00    0.0000000000E+00    0.0000000000E+00
    0.1999999943E-08    0.9999999939E-08    0.0000000000E+00    0.5283209473E+04    0.0000000000E+00    0.0000000000E+00    0.0000000000E+00    0.0000000000E+00    0.0000000000E+00    0.0000000000E+00    0.0000000000E+00    0.0000000000E+00
    0.2999999804E-08    0.9999999939E-08    0.0000000000E+00    0.4790556152E+04    0.0000000000E+00    0.0000000000E+00    0.0000000000E+00    0.0000000000E+00    0.0000000000E+00    0.0000000000E+00    0.0000000000E+00    0.0000000000E+00
    0.3999999887E-08    0.9999999939E-08    0.0000000000E+00    0.3862632812E+04    0.0000000000E+00    0.0000000000E+00    0.0000000000E+00    0.0000000000E+00    0.0000000000E+00    0.0000000000E+00    0.0000000000E+00    0.0000000000E+00
    0.4999999970E-08    0.9999999939E-08    0.0000000000E+00    0.2990600342E+04    0.0000000000E+00    0.0000000000E+00    0.0000000000E+00    0.0000000000E+00    0.0000000000E+00    0.0000000000E+00    0.0000000000E+00    0.0000000000E+00
    0.5999999608E-08    0.9999999939E-08    0.0000000000E+00    0.2264955322E+04    0.0000000000E+00    0.0000000000E+00    0.0000000000E+00    0.0000000000E+00    0.0000000000E+00    0.0000000000E+00    0.0000000000E+00    0.0000000000E+00
    0.6999999691E-08    0.9999999939E-08    0.0000000000E+00    0.1667562622E+04    0.0000000000E+00    0.0000000000E+00    0.0000000000E+00    0.0000000000E+00    0.0000000000E+00    0.0000000000E+00    0.0000000000E+00    0.0000000000E+00
    0.7999999774E-08    0.9999999939E-08    0.0000000000E+00    0.1141553955E+04    0.0000000000E+00    0.0000000000E+00    0.0000000000E+00    0.0000000000E+00    0.0000000000E+00    0.0000000000E+00    0.0000000000E+00    0.0000000000E+00
    0.8999999856E-08    0.9999999939E-08    0.0000000000E+00    0.8938862305E+03    0.0000000000E+00    0.0000000000E+00    0.0000000000E+00    0.0000000000E+00    0.0000000000E+00    0.0000000000E+00    0.0000000000E+00    0.0000000000E+00
    0.9999999939E-08    0.9999999939E-08    0.0000000000E+00    0.7568826294E+03    0.0000000000E+00    0.0000000000E+00    0.0000000000E+00    0.0000000000E+00    0.0000000000E+00    0.0000000000E+00    0.0000000000E+00    0.0000000000E+00
    0.1100000002E-07    0.9999999939E-08    0.0000000000E+00    0.6463699951E+03    0.0000000000E+00    0.0000000000E+00    0.0000000000E+00    0.0000000000E+00    0.0000000000E+00    0.0000000000E+00    0.0000000000E+00    0.0000000000E+00
    0.1199999922E-07    0.9999999939E-08    0.0000000000E+00    0.5540106201E+03    0.0000000000E+00    0.0000000000E+00    0.0000000000E+00    0.0000000000E+00    0.0000000000E+00    0.0000000000E+00    0.0000000000E+00    0.0000000000E+00
    0.9999999717E-09    0.1100000002E-07    0.0000000000E+00    0.5055294800E+03    0.0000000000E+00    0.0000000000E+00    0.0000000000E+00    0.0000000000E+00    0.0000000000E+00    0.0000000000E+00    0.0000000000E+00    0.0000000000E+00
    0.1999999943E-08    0.1100000002E-07    0.0000000000E+00    0.3214154541E+04    0.0000000000E+00    0.0000000000E+00    0.0000000000E+00    0.0000000000E+00    0.0000000000E+00    0.0000000000E+00    0.0000000000E+00    0.0000000000E+00
    0.2999999804E-08    0.1100000002E-07    0.0000000000E+00    0.4485595215E+04    0.0000000000E+00    0.0000000000E+00    0.0000000000E+00    0.0000000000E+00    0.0000000000E+00    0.0000000000E+00    0.0000000000E+00    0.0000000000E+00
    0.3999999887E-08    0.1100000002E-07    0.0000000000E+00    0.3535836426E+04    0.0000000000E+00    0.0000000000E+00    0.0000000000E+00    0.0000000000E+00    0.0000000000E+00    0.0000000000E+00    0.0000000000E+00    0.0000000000E+00
    0.4999999970E-08    0.1100000002E-07    0.0000000000E+00    0.3001239990E+04    0.0000000000E+00    0.0000000000E+00    0.0000000000E+00    0.0000000000E+00    0.0000000000E+00    0.0000000000E+00    0.0000000000E+00    0.0000000000E+00
    0.5999999608E-08    0.1100000002E-07    0.0000000000E+00    0.2265562256E+04    0.0000000000E+00    0.0000000000E+00    0.0000000000E+00    0.0000000000E+00    0.0000000000E+00    0.0000000000E+00    0.0000000000E+00    0.0000000000E+00
    0.6999999691E-08    0.1100000002E-07    0.0000000000E+00    0.1626352783E+04    0.0000000000E+00    0.0000000000E+00    0.0000000000E+00    0.0000000000E+00    0.0000000000E+00    0.0000000000E+00    0.0000000000E+00    0.0000000000E+00
    0.7999999774E-08    0.1100000002E-07    0.0000000000E+00    0.1204835083E+04    0.0000000000E+00    0.0000000000E+00    0.0000000000E+00    0.0000000000E+00    0.0000000000E+00    0.0000000000E+00    0.0000000000E+00    0.0000000000E+00
    0.8999999856E-08    0.1100000002E-07    0.0000000000E+00    0.9312983398E+03    0.0000000000E+00    0.0000000000E+00    0.0000000000E+00    0.0000000000E+00    0.0000000000E+00    0.0000000000E+00    0.0000000000E+00    0.0000000000E+00
    0.9999999939E-08    0.1100000002E-07    0.0000000000E+00    0.7913941650E+03    0.0000000000E+00    0.0000000000E+00    0.0000000000E+00    0.0000000000E+00    0.0000000000E+00    0.0000000000E+00    0.0000000000E+00    0.0000000000E+00
    0.1100000002E-07    0.1100000002E-07    0.0000000000E+00    0.6855982056E+03    0.0000000000E+00    0.0000000000E+00    0.0000000000E+00    0.0000000000E+00    0.0000000000E+00    0.0000000000E+00    0.0000000000E+00    0.0000000000E+00
    0.1199999922E-07    0.1100000002E-07    0.0000000000E+00    0.6264144897E+03    0.0000000000E+00    0.0000000000E+00    0.0000000000E+00    0.0000000000E+00    0.0000000000E+00    0.0000000000E+00    0.0000000000E+00    0.0000000000E+00
