        1      889      299
        2      844      312
        3      831      287
        4      816      257
        5      877      278
        6      789      263
        7      814      267
        8      822      287
        9      800      270
       10      819      286
        1      444      156
        2      445      177
        3      420      161
        4      403      130
        5      442      156
        6      432      119
        7      404      149
        8      425      146
        9      414      145
       10      416      157
        1        0        1
        2        0        1
        3       15        5
        4       15        5
        5       15        5
        6       15        9
        7       15        9
        8       15        9
        9       15       14
       10       15       14
        1        0        1
        2        0        1
        3       15        5
        4       15        5
        5       15        5
        6       15        9
        7       15        9
        8       15        9
        9       15       14
       10       15       14
        1        0        1
        2        0        1
        3       15        5
        4       15        5
        5       15        5
        6       15        9
        7       15        9
        8       15        9
        9       15       14
       10       15       14
        1        0        1
        2        0        1
        3       15        5
        4       15        5
        5       15        5
        6       15        9
        7       15        9
        8       15        9
        9       15       14
       10       15       14
       11       15       14
       12       15       14
       13       15       26
       14       15       26
       15       15       27
       16       18       39
       17       18       44
       18       21       48
       19       21       49
       20       24       59
       21       25       61
       22       25       62
       23       26       68
       24       37       69
       25       37       69
       26       37       72
       27       37       77
       28       37       77
       29       37       80
       30       37       80
       31       39       81
       32       39       82
       33       39       82
       34       39       82
       35       40      121
       36       40      160
       37       40      214
       38       40      242
       39       40      275
       40       40      287
       41       40      290
       42       40      301
       43       40      323
       44       42      339
       45       42      339
       46       47      352
       47       54      353
       48       55      364
       49       55      369
       50       55      370
       51       56      400
       52       59      422
       53       59      425
       54       59      425
       55       59      427
       56       76      449
       57       76      450
       58       80      463
       59       87      472
       60       91      503
       61       94      505
       62       96      514
       63       98      598
       64      100      641
       65      102      655
       66      108      673
       67      110      761
       68      117      792
       69      121      806
       70      132      837
       71      135      848
       72      148      867
       73      156      876
       74      156      877
       75      156      879
       76      159      884
       77      162      891
       78      163      914
       79      163      922
       80      168      926
       81      168      927
       82      170      939
       83      172      970
       84      175      990
       85      175      992
       86      185     1011
       87      185     1011
       88      201     1018
       89      215     1027
       90      231     1054
       91      241     1067
       92      251     1091
       93      251     1103
       94      252     1137
       95      272     1148
       96      283     1153
       97      298     1164
       98      308     1175
       99      312     1178
      100      321     1179
      101      321     1194
      102      321     1196
      103      321     1205
      104      323     1221
      105      325     1235
      106      338     1242
      107      340     1245
      108      340     1245
      109      349     1269
      110      350     1269
      111      353     1275
      112      353     1276
      113      360     1296
      114      368     1310
      115      383     1332
      116      389     1355
      117      396     1366
      118      399     1371
      119      401     1376
      120      401     1376
      121      402     1378
      122      405     1397
      123      405     1397
      124      405     1398
      125      405     1404
      126      405     1404
      127      408     1411
      128      408     1411
      129      408     1411
      130      408     1411
      131      411     1417
      132      411     1417
      133      412     1432
      134      412     1432
      135      413     1445
      136      424     1454
      137      425     1454
      138      425     1454
      139      425     1456
      140      434     1465
      141      434     1469
      142      443     1488
      143      443     1491
      144      447     1503
      145      450     1505
      146      454     1510
      147      458     1510
      148      460     1512
      149      460     1521
      150      460     1521
      151      460     1522
      152      460     1522
      153      466     1523
      154      471     1525
      155      472     1525
      156      472     1525
      157      474     1529
      158      474     1529
      159      475     1533
      160      478     1546
      161      478     1548
      162      480     1553
      163      481     1571
      164      481     1584
      165      482     1614
      166      495     1615
      167      509     1626
      168      511     1643
      169      511     1643
      170      515     1683
      171      526     1748
      172      526     1748
      173      527     1767
      174      530     1771
      175      536     1800
      176      536     1802
      177      540     1808
      178      541     1820
      179      550     1849
      180      561     1871
      181      576     1885
      182      577     1888
      183      586     1896
      184      586     1896
      185      589     1902
      186      593     1916
      187      593     1916
      188      593     1916
      189      594     1916
      190      594     1916
      191      606     1935
      192      608     1941
      193      611     1944
      194      611     1944
      195      613     1944
      196      624     1957
      197      624     1964
      198      624     1964
      199      630     1990
      200      630     1990
      201      631     2004
      202      631     2024
      203      636     2039
      204      636     2062
      205      636     2071
      206      636     2083
      207      642     2121
      208      664     2158
      209      670     2181
      210      684     2195
      211      695     2200
      212      697     2208
      213      700     2221
      214      700     2221
      215      700     2222
      216      700     2223
      217      700     2223
      218      701     2227
      219      704     2256
      220      704     2261
      221      708     2272
      222      709     2276
      223      712     2276
      224      739     2290
      225      745     2302
      226      749     2311
      227      755     2343
      228      759     2351
      229      763     2374
      230      763     2387
      231      767     2396
      232      767     2399
      233      779     2416
      234      780     2428
      235      780     2429
      236      780     2431
      237      784     2435
      238      786     2443
      239      791     2445
      240      796     2450
      241      797     2466
      242      797     2468
      243      797     2472
      244      798     2480
      245      798     2480
      246      801     2488
      247      803     2526
      248      811     2532
      249      811     2532
      250      823     2542
      251      834     2557
      252      839     2557
      253      864     2591
      254      864     2591
      255      864     2623
      256      865     2623
      257      865     2624
      258      865     2624
      259      865     2645
      260      865     2645
      261      865     2650
      262      877     2686
      263      881     2723
      264      884     2750
      265      892     2767
      266      904     2788
      267      905     2797
      268      908     2799
      269      912     2819
      270      922     2829
      271      933     2845
      272      938     2856
      273      949     2870
      274      950     2872
      275      954     2876
      276      961     2888
      277      962     2908
      278      963     2908
      279      964     2908
      280      970     2918
      281      975     2926
      282      981     2954
      283      987     2972
      284      990     2982
      285      990     2993
      286      991     3003
      287      992     3012
      288      994     3032
      289      995     3038
      290      995     3038
      291      998     3051
      292      999     3057
      293     1005     3074
      294     1005     3077
      295     1005     3078
      296     1011     3090
      297     1018     3113
      298     1025     3133
      299     1027     3171
      300     1029     3235
      301     1029     3236
      302     1030     3243
      303     1036     3248
      304     1040     3250
      305     1045     3250
      306     1047     3253
      307     1052     3254
      308     1052     3254
      309     1054     3254
      310     1060     3263
      311     1072     3266
      312     1081     3288
      313     1083     3332
      314     1093     3341
      315     1104     3349
      316     1107     3361
      317     1116     3390
      318     1116     3399
      319     1120     3406
      320     1120     3406
      321     1137     3445
      322     1161     3450
      323     1161     3451
      324     1162     3451
      325     1163     3451
      326     1168     3461
      327     1169     3471
      328     1169     3472
      329     1171     3479
      330     1176     3489
      331     1176     3489
      332     1176     3489
      333     1184     3497
      334     1184     3497
      335     1184     3499
      336     1185     3506
      337     1186     3506
      338     1186     3506
      339     1188     3507
      340     1188     3507
      341     1188     3507
      342     1188     3508
      343     1193     3510
      344     1201     3560
      345     1201     3561
      346     1202     3562
      347     1205     3572
      348     1205     3572
      349     1206     3578
      350     1214     3593
      351     1215     3594
      352     1215     3594
      353     1220     3603
      354     1224     3611
      355     1240     3635
      356     1249     3639
      357     1255     3643
      358     1256     3644
      359     1256     3649
      360     1258     3652
      361     1274     3666
      362     1283     3670
      363     1283     3670
      364     1283     3671
      365     1287     3680
      366     1287     3680
      367     1287     3681
      368     1287     3681
      369     1289     3697
      370     1293     3699
      371     1295     3703
      372     1303     3710
      373     1303     3710
      374     1304     3711
      375     1304     3719
      376     1304     3719
      377     1312     3748
      378     1312     3748
      379     1312     3748
      380     1312     3748
      381     1315     3756
      382     1319     3765
      383     1320     3767
      384     1324     3782
      385     1324     3790
      386     1324     3815
      387     1324     3823
      388     1324     3823
      389     1324     3824
      390     1326     3833
      391     1326     3844
      392     1326     3856
      393     1326     3858
      394     1326     3885
      395     1328     3890
      396     1328     3891
      397     1328     3891
      398     1331     3900
      399     1334     3902
      400     1335     3905
      401     1340     3911
      402     1342     3916
      403     1345     3957
      404     1348     3980
      405     1352     3991
      406     1360     4005
      407     1361     4009
      408     1361     4009
      409     1361     4012
      410     1361     4033
      411     1361     4033
      412     1362     4050
      413     1364     4076
      414     1364     4117
      415     1366     4118
      416     1366     4118
      417     1366     4138
      418     1366     4139
      419     1368     4159
      420     1369     4162
      421     1381     4180
      422     1383     4185
      423     1388     4190
      424     1391     4213
      425     1399     4218
      426     1399     4218
      427     1399     4221
      428     1401     4228
      429     1401     4228
      430     1411     4229
      431     1413     4238
      432     1415     4260
      433     1415     4260
      434     1416     4283
      435     1416     4287
      436     1416     4291
      437     1423     4304
      438     1423     4309
      439     1425     4313
      440     1426     4316
      441     1437     4319
      442     1454     4320
      443     1462     4331
      444     1462     4331
      445     1462     4334
      446     1465     4340
      447     1466     4340
      448     1468     4340
      449     1471     4340
      450     1480     4357
      451     1483     4359
      452     1488     4373
      453     1492     4383
      454     1493     4395
      455     1494     4399
      456     1494     4411
      457     1500     4416
      458     1500     4416
      459     1508     4426
      460     1509     4432
      461     1509     4432
      462     1510     4435
      463     1510     4437
      464     1510     4437
      465     1511     4439
      466     1515     4458
      467     1517     4460
      468     1518     4460
      469     1519     4461
      470     1519     4461
      471     1520     4485
      472     1521     4511
      473     1521     4522
      474     1526     4526
      475     1530     4539
      476     1539     4541
      477     1549     4551
      478     1558     4558
      479     1563     4558
      480     1568     4558
      481     1568     4568
      482     1568     4569
      483     1569     4575
      484     1573     4608
      485     1577     4612
      486     1577     4613
      487     1583     4616
      488     1587     4638
      489     1589     4646
      490     1590     4650
      491     1593     4654
      492     1597     4655
      493     1605     4687
      494     1607     4719
      495     1607     4732
      496     1607     4733
      497     1607     4750
      498     1608     4757
      499     1614     4802
      500     1614     4802
      501     1621     4808
      502     1625     4833
      503     1633     4840
      504     1633     4842
      505     1635     4842
      506     1640     4849
      507     1641     4858
      508     1643     4859
      509     1643     4859
      510     1650     4861
      511     1653     4866
      512     1658     4890
      513     1661     4905
      514     1677     4917
      515     1678     4919
      516     1679     4920
      517     1680     4920
      518     1689     4928
      519     1689     4929
      520     1690     4930
      521     1690     4938
      522     1693     4945
      523     1697     4947
      524     1697     4951
      525     1699     4956
      526     1699     4968
      527     1699     4968
      528     1704     4999
      529     1704     5000
      530     1726     5010
      531     1732     5052
      532     1732     5052
      533     1741     5063
      534     1741     5064
      535     1742     5067
      536     1750     5083
      537     1750     5083
      538     1753     5086
      539     1753     5086
      540     1753     5087
      541     1770     5096
      542     1770     5101
      543     1771     5102
      544     1774     5105
      545     1778     5111
      546     1780     5113
      547     1781     5113
      548     1790     5119
      549     1790     5119
      550     1790     5119
      551     1790     5119
      552     1790     5119
      553     1790     5119
      554     1790     5119
      555     1790     5119
      556     1818     5149
      557     1827     5154
      558     1832     5171
      559     1844     5180
      560     1846     5188
      561     1847     5195
      562     1847     5195
      563     1851     5199
      564     1851     5206
      565     1852     5219
      566     1857     5229
      567     1860     5238
      568     1866     5265
      569     1867     5279
      570     1867     5292
      571     1867     5296
      572     1868     5298
      573     1872     5326
      574     1872     5336
      575     1877     5365
      576     1883     5392
      577     1883     5404
      578     1883     5404
      579     1888     5408
      580     1889     5411
      581     1891     5416
      582     1891     5416
      583     1905     5432
      584     1907     5432
      585     1913     5448
      586     1916     5461
      587     1927     5464
      588     1940     5473
      589     1940     5473
      590     1940     5475
      591     1941     5476
      592     1953     5491
      593     1963     5502
      594     1966     5514
      595     1966     5514
      596     1966     5514
      597     1984     5514
      598     1989     5529
      599     1991     5531
      600     1991     5531
      601     1992     5533
      602     1995     5536
      603     2002     5541
      604     2004     5542
      605     2024     5570
      606     2024     5570
      607     2031     5572
      608     2033     5575
      609     2034     5584
      610     2034     5591
      611     2036     5598
      612     2036     5608
      613     2037     5610
      614     2051     5611
      615     2051     5615
      616     2058     5616
      617     2063     5616
      618     2068     5624
      619     2071     5641
      620     2075     5644
      621     2075     5659
      622     2076     5663
      623     2081     5675
      624     2081     5677
      625     2089     5692
      626     2090     5718
      627     2090     5720
      628     2090     5720
      629     2091     5723
      630     2093     5732
      631     2095     5736
      632     2095     5737
      633     2097     5740
      634     2112     5748
      635     2118     5764
      636     2118     5764
      637     2119     5780
      638     2120     5783
      639     2121     5783
      640     2124     5808
      641     2125     5808
      642     2127     5816
      643     2132     5851
      644     2133     5870
      645     2139     5881
      646     2142     5900
      647     2148     5921
      648     2150     5928
      649     2150     5928
      650     2152     5939
      651     2152     5939
      652     2152     5939
      653     2152     5942
      654     2152     5942
      655     2152     5964
      656     2154     5979
      657     2157     6020
      658     2159     6025
      659     2159     6025
      660     2160     6040
      661     2160     6040
      662     2160     6072
      663     2163     6100
      664     2164     6105
      665     2169     6129
      666     2172     6134
      667     2174     6138
      668     2174     6139
      669     2175     6144
      670     2177     6177
      671     2177     6177
      672     2179     6178
      673     2180     6189
      674     2184     6246
      675     2191     6271
      676     2193     6275
      677     2198     6282
      678     2202     6284
      679     2203     6284
      680     2203     6285
